6421662707920564456239006838448869807014550093486273170935313886064930148155
5619436498115663062829222801274081709994677519059043786929747860124994632768
182570403266836828105031668207405675179777139216891719143781469885203391329
7445695723447735347275836967022128953887806187017946294451437795996826618046
0000000000000000000000000000000000000000000000000000000000000000
7459466817418280040045135801327917740999360059102187079637025022111267830704
7793021399427451767574903655109768220679968513115962081732235568440396762284
6694075092038488851079048619375234535832943463447536918362801834960786119452
5071287968306346848350392377535520484946898757046008157736743465998985139409
0000000000000000000000000000000000000000000000000000000000000000
1489247586962425917430870911626193928041960626664949527729826349281280369187
4971831957751421307835769249157856776984409218010226967006207026771164130469
106167647848460762648553257951164627288770580660757600893315113272756527252
3334508451167053846703064238398168281388580144282254046542020316281773935927
0000000000000000000000000000000000000000000000000000000000000001
6138517467591281628057923815765731383125374216317318375186082144681137742118
2255903222683441816292436119519110850770855931805786985582686417722937896035
7013887495223373739001914269143574075841277309594442362613037830362576875579
3745830278170930134014425229864287517817694114970038208828428002142902459469
0000000000000000000000000000000000000000000000000000000000000001
3641812031074630774941830333821534629248348641519896571235151269728798127150
8013236590331925069484004350423466915442932667867113909124958351205036911210
935642342379682816690640778138466010423159673375611321694521096987965631012
4078191902077284435027127756309776960978754933501838499811944243088362517978
0000000000000000000000000000000000000000000000000000000000000000
3951864468240387581316995295751841273933966630257990560836380416794840605820
2791339632922933934341173736559537916899622857740276280610169833924076006834
6988716238109190005120289915026707755036447484247652321342363453989463601371
7091459744714743404603325765245478351734134546225033865504797443127741641948
0000000000000000000000000000000000000000000000000000000000000000
8391886731290818537683618783995635887775215141370674674032009407578415660282
2884353804772684600656642809373857601911517389191717803626755241536170152536
1996599971104657822868895619648485404205382768564560294454779683334350038089
6776170863747760622027053594536628734502866828294367642432558105489491449666
0000000000000000000000000000000000000000000000000000000000000000
1756521207746449559457335049673228723305102497168359960889903579577055499593
4294783000611015006125202300646790792663559214333136167971902392335007512796
4710394837173756530238243611647467300784085631744466868409443676399897819712
1118538550314732255892627314335236672001907776485320286188505490558367693849
0000000000000000000000000000000000000000000000000000000000000000
3457445525589361809541847734522555553991703769409558028509580202768173816928
6377123350207474269058129090694841308820979350177126951586295178762832633474
8412176353468724226807150944610036424593433659286161288994238038982302091086
303310852075794427883178893279760740935759799897566408774697067001166000118
0000000000000000000000000000000000000000000000000000000000000001
5873202525395160028535864029977748107942507236786627691976631184207901023222
3594461162086379468803567864551803756717988064372005018055477049034492482482
7957887662613118474562721083813128520746983255843888533979679722582041773955
6587226675728996416279801110183025119987169705306477539943437647382053931377
0000000000000000000000000000000000000000000000000000000000000000
1896348144077097857909302331330310675215816566934037919207244576692210786547
3204720692686222804190043217912645065458183842772838911918925182557272352298
4756265150094652271109712706699497926346487270155262585374438870160393727479
5518817723121412901295086506725674207136611394508061349336998487710341964004
0000000000000000000000000000000000000000000000000000000000000000
1940544534527300180884201889091319403431529442937019696698947872138407690907
4817037673807693128510768037105929746105126580471636812175086502297115487800
5495118128770438834270452099528111215940355968222553978582149932114696227968
5871573735481082556947204492965840042559063003911664131517434412612558987423
0000000000000000000000000000000000000000000000000000000000000000
6544319080186670083916888652052170094835344799222517929303664239277894189918
7358975881484069061303906153708029102161901350272555585220199913157418969218
4248227913436986327695921335412269682474592114982658664452385829549159887597
8205718616092670366929675154762231624883681711547317689755450972646929028406
0000000000000000000000000000000000000000000000000000000000000000
2674576394234645679030151384007811119989936205089422768451786846699122490244
7466138167178708826293516597025451007968293859340736105530951943005183958833
2631169823848304842581194154888986681977748730513812918449559745492605356056
1294746484300545230435040722396777952977272434650656805806761369585306224582
0000000000000000000000000000000000000000000000000000000000000000
6632991812710630177511362156229423101309972809009961264877365209859636628946
3745702243637000761540188914835954873687573986459927667564894086330310421930
3954420745212738442718887098164304643376838521666315016901791390047627111388
3150376620421014246767565541657128591394674220873564690569741566299541085671
0000000000000000000000000000000000000000000000000000000000000000
6056024130423809709968949827991091932765084510572221535181856845718971226690
1811029181479635345574647801970161026858883269496131390292404759722770133840
2336493005608227400558303842318989430294370266127640708366848785876552748132
5758535378267293068700699887318888510358746667538135321657600966430106428368
0000000000000000000000000000000000000000000000000000000000000000
2354411416627279256245899427061971410976722003557360111390969237942550160896
4113825930175043566855615491507349545461799233509338421109638659883649021719
6367750513132007926418061012493506363965975766035931012076265511067433881648
4812190612587137739814857952932438411110837513689643523262299337017629212092
0000000000000000000000000000000000000000000000000000000000000000
7076876007792107820595211602909256202472638301534407685381000485521986767080
793260321135531703076829363310077514226039969428225733852442083336431012115
1968678756821352086583808978015978431323282347158311170746025562716701101735
4232352248364894203637372955524357237875092491863749361085200893016243620532
0000000000000000000000000000000000000000000000000000000000000000
6046965742011167345252329798606488193935486191992082026221718928968434025594
2502704557310685619056991113984641283980818676643795690220185043207041921694
4183178040608722471573810347528287943437682452284091193385564715786906664091
5603076960631245149786514245345893541055644350189280984436393127333773732652
0000000000000000000000000000000000000000000000000000000000000000
1008137686404810560413066537611964218177289872246711769320381528031246617745
5036541402831416455139454381801794421203621523899901022569787535811386566131
1464968970807644607637694257169121378181973074783187213894669858442419646724
5452705915104471027136347536464409990827714251845880692837609613667472335445
0000000000000000000000000000000000000000000000000000000000000000
1511262922961118533497809217133025445659827171773138795655777389033709250985
8409381741771103985856591180710267797439129301683658900620894229802036096194
1731963889945464310488387932611191133675071477572035661880133723187493358068
1666433224230316949733019965144509059911110904298728720107306311614484621480
0000000000000000000000000000000000000000000000000000000000000000
2433326187790744877227515567215815564709398337540555791038769421690522814090
7161193454812674854037112814493501833922126282581000577529690857836559706981
4213284208154550428994287379848860352868715069927849641194774634616937871341
811814476090896781605848332285291283186322754886442978819434239046476471687
7997355224111601524300681424117211897018183180186646928534702197824948102357
2107683507604291793514069994862831523383580374200236814741883794647829603434
7868611277774396095007035468032354147175749208238085778957127614881639188671
2305929740023350260211217222158130307328192746598368391358728550874380024617
5549275274981267020967525484158775878396618736567284927643435749069772771634
0000000000000000000000000000000000000000000000000000000000000000
1131212091738049126815129924375449907280960058192032532983326513196992105934
0000000000000000000000000000000000000000000000000000000000000000
5080239931872448936613206916330120609996512638425389586971431475484890373109
244200293566883630727834375704140214577276705106335372288263470887942781463
3831161170554866271032787691354447441128127681996182885920681415330962174614
8354654009224538710891288328966078306795138465867951412607387041161972714962
0000000000000000000000000000000000000000000000000000000000000001
1716076229212544845813981250632003635673685555511750030391590753837256622456
7013958661077834938699245391571189446811651052604478080557113643826196089449
1836065501007251856862491201077356999576700848422240946582521569760591233809
6229167271966248723937566994360591134598110459563017152499204444939187173688
0000000000000000000000000000000000000000000000000000000000000000
888253856181241346836444388650683266449007532267629034240468962259321079205
4088992875215822304279745064859791121167652275117194026329761213920080552194
5431061252693888922711181512333549836184291085189954204387560975039612059004
184957795049922418833195267331884604164170780538219933410013783530044213830
0000000000000000000000000000000000000000000000000000000000000000
5917017312870643507897623029918007466583355642167011083234202555895740129175
6292949397462856408944370853647234892570394786087016984675341535846980693142
741103713672735991413599966890173604384565793269891769758326597659008762705
612702117152097770074981713964230854300362762480064200902551853791821698649
0000000000000000000000000000000000000000000000000000000000000000
3627755953194590778681222719734900284766619166993044939905629860832699376510
570391036208330178271130223686997680187940884045904683657801848930459417664
1348325575520770052284402648882277159769961432529097483579237740404640867967
8399028055142882944280324752536679365276823200280408109843538191317887678080
0000000000000000000000000000000000000000000000000000000000000000
5924439739701739046897676880520512651085578075549127993717812215921957620974
1623158005262137576735885910038115516990866417314898706717193142354900714624
4621942080096592572672416972080704852569186766699206980012245843069895268788
7108745594868337688189189052562292349981840306444242485536091625537230987570
0000000000000000000000000000000000000000000000000000000000000001
6606077122937103442413206635892713625384364427122742811467304101896422810964
3886282941627749199644322681244883049162827732753266858902130645648571392442
764613292992913947249142163868198470302070428550081899291135928166463684392
2955767615160201680617751894455389584939593745811995854477777763294388367498
0000000000000000000000000000000000000000000000000000000000000000
7428072117231150748473011957992073273087471068303564844059047285589896056281
54308885351570523627855011030544041318261338627760613851652280394196781156
3480007087022126334695423174049983412406702929113180425097025399152153773067
5228361737729166742417391281863286488537844399647501581844019190869756831310
0000000000000000000000000000000000000000000000000000000000000000
5720489075698709869075676210763680408654341354708025792700649023452790441460
797507484691195948684453540307922662590150754993532948983079046727542969122
2810349422166790190649437590557022769293701749933661019544826962689690433317
5901700133326245385045781842468483294279206961473065662948721024371889005362
0000000000000000000000000000000000000000000000000000000000000001
710490048955032322402343101057309420242797826420597406361819020415300304122
2456561840330749513881761153588048197182842102846034618296096112984691653662
7524388402882347200449432751410952116013253916197820896112777934904333643028
4380787220548683077021309800832837090926385438094515356582811990212249020476
0000000000000000000000000000000000000000000000000000000000000000
5297757926645413596391163950260966116096696758901200890768212285377811289149
7894295467860719747831641034441572347322986192301519720597600043888430543461
1110925032864223833620140173214011351995147745836613232442689922828979484631
5446581576959332794845412965926387732659529459413474537810752262117585499590
0000000000000000000000000000000000000000000000000000000000000000
730612545220280843712709249992875603390740462171925381648627834089771542694
5504009523838813253847874219043279486463839509282310414757878986496956852418
8277961060920105594616947168256229434141604971898554131177880404753074949628
6306645311823071837346733103575539129794867095810551341353960114221886377582
0000000000000000000000000000000000000000000000000000000000000000
6835343428164202399708477219270693898248106438095502036978143610905142850512
5478424684191865529696416288638978833550851045733049362725679415159280094515
5286903292117574612211983491627510762021607512237375605328505362490505045415
6706941799640578809364090789294204034556469604773428985959093966805841740066
0000000000000000000000000000000000000000000000000000000000000000
2496910615664057315133884144762126998894215917852882940248599144316888851427
1518663091832240339195214195489931601101703003432916436581287604853752786629
2069890376138901629230100833121831728409852900003637495852972104285315314430
3484971268094571353272881331654945530467934626121931320257891486822387869544
0000000000000000000000000000000000000000000000000000000000000000
4705341166453303391122362023503225790575181323327324477920131787377024085117
39772212904288560584235099700235667165271659673998212528265039778056578022
2978263402273418959435449316768895591435506888693876613297453586279771008862
5085568309771511958877972662351290227622914985198689751294504431045852149616
0000000000000000000000000000000000000000000000000000000000000001
2200176700455368994459344970161636504043209977220109075080781460893402407114
7176151225520058421300494767781072876260176883013980652299741042884566109081
308177015771485344919845921147662735380837265035780070353075802163816674862
5985174976861457816134963215227785265341520066733751083758564620574480177347
0000000000000000000000000000000000000000000000000000000000000000
3944371630853164995747285667160315045062315033320903288064213058653293373890
4268833650499551637610809920422436689918626258924534174063848785058845363768
6046992854011092701050166630096875171927526107976996671043353508243692282892
4095440378680282004160161654160122317049637374262746920799992088662352271927
0000000000000000000000000000000000000000000000000000000000000000
4198232637798719496240306101751244914604693561904353903804522572314335827354
7784393456454971355984110218180049228662496354525609896856068271190712093372
4103146696663557493173786092058115557296840875069968905808646144010494310569
6183761933396665160147359084878099268464729075233747201964983791926255541100
0000000000000000000000000000000000000000000000000000000000000000
8294601004204705735946169283352162403760345952447655561218666177647925444554
43339311139528795432626544404512242638222884524426696444180475426843194856
3686245805384039174214946275950642829446491079939025821611627480480180480189
1642558394713848044027052926513098604997204499201637628629968142605538358049
0000000000000000000000000000000000000000000000000000000000000000
5240826320273211744277662117532778602195337326266385142581220559149221961546
1807161943461613675718012479960887432609459548971036903882911588889047859753
1362083825181130601598858387069114966951728656764024256791008624318288631155
4224808410576350719770475681429704711786150849536669568842962318121102315618
6051018111938092912580106923076682522632324605687315663936969345342912007155
4871074828180478013241773469951196580430620370951174986830115361225924801064
1932319485523337770229646095738552618570033126622238839004025074221721356948
6255361267613697257611999345099821830695650663934851413991339646380159501501
5990723004591889219001340430655857951859308066544579511566205146095787762711
597866254279137076651451265699383496305919543082279649868090764996914451909
4671389743444931667147774866655930228795183107699039049272162817210622150300
7741069556475939666219674511516914715341999378506143720905080926658940010633
5067487846838965677068523186571467719690741698686988714620074009673998904020
2037912978395620592889255647851881699363397142748612199270824060186810150937
2082715680529317529129427882946991361900781407943165808011772601012489471829
6999080381414180510557693667732231102566257622632228725209870577018625337131
103400793763180988524754039765548910733512017990378659342537158607936477906773
341070016526668729938250463390108496855147625857191219461266626012434661375
