2022799041507805968009818100332676724361349241667790656999919569852479090886
5301717145283871784769160050355834231455206295452034749614493021586255073489
7114549795313160276929403194233319468139455247190403995495977421387261393568
5274063536394630558228238840689138568839250569551664827322424187023195575141
0000000000000000000000000000000000000000000000000000000000000001
13886623568512872433041443130623140893140269324636626827672992209936841317
6262108239433729106079938164064395198020160015360380486222490048680084497636
853349391802088984367548246254328735962809991512396538562779096416172828987
6667798073341149923086493560418410214693359674417986371770943076604798120794
0000000000000000000000000000000000000000000000000000000000000001
699992411864811621296275429002161373515197987649871377368343138718586989868
1257476690476409658945423636437279160410457256641495312755940912010861247317
5704405625812170623870077412347391306262671198858516800784791636955561936403
6343143580561826350826844711825594876024164458799165269694975417630454677110
0000000000000000000000000000000000000000000000000000000000000000
388692413834002069931176207358763455276626851322960067552210188355909900027
912784940252116609164330858436025319507067820131111901704172903709815801396
4423800157886201439210385292474261902654576041771294255040515538288632384425
4144588864245312413277264642090108706600854948667000933966655605977297323420
0000000000000000000000000000000000000000000000000000000000000001
4802649718353739649306994604960011902127550693634167256700082186188611111891
7096266575311129868152812117795470444853456604035491774636115866923345365044
6698338533680723282986322106137258418122235768580990213787600967817019829471
332392794426575285079854997742142531511539319685976044510281990469312195367
0000000000000000000000000000000000000000000000000000000000000000
6404691379697832663933126568274824722895947915290629450349366674048897655194
1006889185341176758634181156590155057823736099430014508214486131912408026064
8307463130599156380749960771372588204920197930161792657072516421726410010522
3933329999840398752055406026453175451405662291034324636693195475097618964062
2239290470708928452519301114962399440776975650307615973212843979691937043553
6899800901323373104763004017909695931055991657958249965148682366364440234694
1954875454886273601209130417832867572867937087123950748498948586053952958109
3764528326980557364662781739822552584012392973102774758061811683106849282299
4195598383605888640765416412392046606723358825311338672155026215788521748385
