2022799041507805968009818100332676724361349241667790656999919569852479090886
7945526406319733798254443192631079717323314351617193789636278049055362963621
8315641475409540192633535809382400725982616583448821222920022985202267505727
8247087497173956920286303766194215688662073642247205519333702815471538852647
0000000000000000000000000000000000000000000000000000000000000001
13886623568512872433041443130623140893140269324636626827672992209936841317
7595628636319822736377839576111721947996233671805743850435646808423166762212
4164554926534828408296787571612503767344321176269693705974355490396366863399
4563705022728451079171106694345716868947138032836186398534718915244030782435
0000000000000000000000000000000000000000000000000000000000000001
699992411864811621296275429002161373515197987649871377368343138718586989868
6257931462020083714329116265372930532100272755187841874264310685304757689785
5858175889841602118302817972159418989032005822936448598280530233850892831152
6853352976772787352699616153529533973641144007928603275094807752990693857093
0000000000000000000000000000000000000000000000000000000000000000
388692413834002069931176207358763455276626851322960067552210188355909900027
1137330973976850085845819760110667826901071670014040968511543126061736887638
4343397224821748362682728644243392745209205628736903717815400194147334778033
3775710029144624846310070435463142641282834468894723672173550914344616119822
0000000000000000000000000000000000000000000000000000000000000001
4802649718353739649306994604960011902127550693634167256700082186188611111891
4378054153421623560351811824737852461804178703140159587840090833746082214977
2566922038280426818838848879633317256888165519417746018472485046905805754378
8043317689125412905808130260474526989881750301840023926007189418823515035376
0000000000000000000000000000000000000000000000000000000000000000
6404691379697832663933126568274824722895947915290629450349366674048897655194
3058043810468106668328616061450917599369728784276479743288880166779653557615
209786030562386665081730419477702807349994356278025134683969637353181288391
7588550804651378500938758166287275515994878722162410996487468941099476454602
0000000000000000000000000000000000000000000000000000000000000001
537245261867786416327036296714941027336858275039207410432448079469472769598
2186521578363522967799237169326909058740805860650972756725549369507078963667
5678522047966958196964294188260338645752175544715240410873889781397603373369
7706153928659647283336666513558686079002870734710425140243550371936063211268
0000000000000000000000000000000000000000000000000000000000000001
1876195129693204380811507390672858631988814896367373680534044659992796575686
4739765421000666431751359366280982488266595289925687055181188215142357066702
6937702307095448783825784011085647296550425464584840475359871072792935238083
6659491274407050390291753533064253181461719085864726405890624026816665867001
0000000000000000000000000000000000000000000000000000000000000000
4987016223839008614706977204258990977384195565744505799425653253149235422113
1677500140024463378875574293108350625845951352797423660973111030853361317023
8310294241116051955307869003350485071975024389685339302085354497789697955776
7132484078142763807617712774363163925107550083897075843644319148005370077045
0000000000000000000000000000000000000000000000000000000000000000
5205529316399676290059057023383894888808252993048977682527866780815806199115
7528702013542145970564608804125327917094637229451193707840809006149077269503
1296809978088148753893817556084073142931912840344300178333578650945242191300
4488322321310477508837375805546417516361182120983840729381039077953015256540
0000000000000000000000000000000000000000000000000000000000000000
6548113605351272566339522607451235856160082768220025908727988879225198452494
6745368404809774953308646861703256091888806811057818269379505864973943617895
1968895354602722167469116112724810878799820429593436155353330091384109428190
4609029737482687631256912619255744307685061350132905859952983318458271463051
1979767635276361510862319586220080874125071458104595265776260740165210092266
5343952632783549861459151512146798646054921942666285788915979800941524918037
5343041991542332309977485616081831493591543330871489592088285840842826245515
6330619887972062456353119213788192067119191840474179706637477377993643646314
3754361322656541699377130582392580240036665590518787923187317379931256362969
4267554820575814472433947527124776169562793866754755250066661660265302930042
7665017793051894197327464167235917754585977077223538215122492800825514839629
3867494191336478634804757313857196164395727932439101233745694850967421932491
7758223983499168057648079918602394203107173332995672174292610821995977366630
