2022799041507805968009818100332676724361349241667790656999919569852479090886
7995073350368052376423952974539048534431235148117409112442634581554588961586
2462987626812294261604551510506299793000555982140177521816867959220364624267
6217512795533015029487194625816024400996782786964054207755673069903610889048
0000000000000000000000000000000000000000000000000000000000000000
7459466817418280040045135801327917740999360059102187079637025022111267830704
1439294312111399789043858161291215885218270192711787334336693985764297409632
3424370361659373322743559733993085745164620107890447723572052601984859506790
8264848274911426983546182237105840152085917116386176183101113010336702073724
0000000000000000000000000000000000000000000000000000000000000000
556466008407345724658143357407969171086367849858121988199066438642189387033
1170472243074506198617195281358443418569308847921812441736727418773762531258
5212532858950370153914534876908692316826482280163553246400282968971265905587
7956908381723662710684081569596961073479612764007138879711436632389650316761
0000000000000000000000000000000000000000000000000000000000000001
6138517467591281628057923815765731383125374216317318375186082144681137742118
2670428369437610218155964082097311409390206798740378758115543821525110174774
6170350430088808116737224056027645457605325299708076188085576223862358313762
8244800431220866511714204469938281079812363563080992908956052812720799308180
0000000000000000000000000000000000000000000000000000000000000000
1583616147842143139951074698140214212292819252209168057534415726405784827002
3261473048962012596910395369392471950525775052283354682754393403693795241107
6673828982210214375745647023587157246880992300997033852801032329103461344244
3362541756812191873773866432900609786159136994731470079079791016278416584271
0000000000000000000000000000000000000000000000000000000000000000
145504689629108177126033375063226097757936199311093598007560756145091465951
3185024069011720868536753068693407026233459379429828476848432248467730596502
6920547428772929703462650081965081224886607295034859140310894740451966361670
1619553625247089774037321983447045689857513121874908416459134229921390079344
0000000000000000000000000000000000000000000000000000000000000001
7907216487560584007921788642066605504039041060114856417502785376447936469443
7904895512801727382207590296166872641064017273449872952513683604435158905546
2168751519115255742069555612556932146242948967379926084649391738406403651717
44640630639167176281740591031879786082342194224760743261274500777049878582
0000000000000000000000000000000000000000000000000000000000000000
2905804586491744760331926979601429419548445070061041843715919852399711066076
16587449743217606750001203894274495361954960973993161738833010260894392383
6892170952469476064483602845599145017517686921319052877144569421665526648085
7116150760699311336306682505015773305437797125796280596810074678829643588791
0000000000000000000000000000000000000000000000000000000000000000
1826678096142568975051224383880441651588540586936866186921767672087690503858
4954958364815125432687032386950212631344380505082836276761004149376030162215
5956469416761935411422707873398087483385639109805760710675547825366254458259
4953364853758284867141121501261569691705656109207220296084227098159026248538
0000000000000000000000000000000000000000000000000000000000000001
5873202525395160028535864029977748107942507236786627691976631184207901023222
2045663565188094537975012480909175137623940751895285533266495949839707529686
7871471058080455852945120999053796053266134001705764724243029609696823494278
160005056265060141050937571799544622257250112007223798343466031564944597287
0000000000000000000000000000000000000000000000000000000000000001
4833600718973823691304551353774461231621080666627159901950526019611088259056
4161826977329319360514396627929514147116680870559395960826194279402565609072
6551430866430674953886010265783757530844096294037870965661590377126933186015
249956531127627187105334181946408687959031359088448054270691406383451477621
0000000000000000000000000000000000000000000000000000000000000000
1979767635276361510862319586220080874125071458104595265776260740165210092266
85474345527392421645923806022049011172570748048274957610566802126234975420
4670341805643791277614364277617066661939295039149465896679979294814619430219
1522641642022302733269197213335997055299577021542416089050974729569435045435
0000000000000000000000000000000000000000000000000000000000000000
1012270435597988126815399318280475244126005557471211096186600122774363084028
4388025076779402118464983004176314829267395621047634355771843952839043166475
5170316296554203500116239881820146270349669870280450368195536030348334842357
179119088558408722528648537658571346394383619364429403479261735603386653120
0000000000000000000000000000000000000000000000000000000000000000
1867878230365093065914762022461564731600319489105007565531165378716017828438
815087541276903528153937829883610643628320622342445697179434668052908262859
2592774121639911101917948368200427782390499785463058609818082774871801294628
2827824315909207983550308185494535043825053968899787459606933387236743459385
0000000000000000000000000000000000000000000000000000000000000000
1811469936717740246737462782552123430065926526144102563057868246057772610095
160174181758824439593891218915684278962533370440188140681855992964375172347
7733438221450832700616683600941246118566314935618116437864768895744067124347
146070627609494627207115756670373841740858177261634488849342221284368026774
0000000000000000000000000000000000000000000000000000000000000001
3481298557135688072930860331410811379336941729528239573975997096021101414956
5312323933352925130775943121981086536098911833760460957754102217695408891106
416409179771370608592956963035516016368038559854527820339178387937082561783
4380791717431610921080382997099505934183510075224451777637327459786260066155
0000000000000000000000000000000000000000000000000000000000000001
7298893714858901513585093123972123550950637234404153236862718679594711766825
4930036297129444178041508311491865392230690997485896852190676701729862636807
6292529534304554621717344884278196572103295869544186113359734277303542401443
6435521914251912582091579371010370108882423557996112083112747872006739569735
0000000000000000000000000000000000000000000000000000000000000000
298209927112507624487800536618272977506984533431767555399436798305276788993
2499592687897613541524720928796884177491391040115067036756768579733147677573
617288683373414607025685491868568414948574787193756439885549808696919177695
5813805663519211184397140418545591269120131390558160261025540209091866099747
0000000000000000000000000000000000000000000000000000000000000001
6511972130492930486323224313142163409030961002546356956837390439345812134422
1613098095257198672019859483654499465450961500249676479122944839217938453200
216132355295628156137166594999576670955119257997009129410134517359702338574
6171756658425403549069776084791197837018733886510796150958492711649280825030
0000000000000000000000000000000000000000000000000000000000000001
7235606746751153842900443325573076369062681657988572920569817561333539287019
8308914860195322377396507508116985597168452576699575861195371114662683223935
5777898731907548308914561664651636487066691231564528855707335202518449287815
149356404340052290574594101149679599767020066939696175353754931166753557205
0000000000000000000000000000000000000000000000000000000000000000
2840913752528931836276020365928677767517240293996388292965047242479096276910
5519457971575837502580880060280779299475520327135765567563907281848237943547
3602549293322722433392914431948308920299245186601234328417006488621514748333
2936373728108399705538871437178756429123086313503601193217413540312129047653
0000000000000000000000000000000000000000000000000000000000000001
2622448047706917377589210557683689381779801098227320533492575238403667407879
2921597665787843668192298081823500160601739212416329763619406502082398376273
1397392811365208708421525106835106490812605452569210811464307857993162960353
4510783508121562234795270070497666699401522901020017284609954354053398557052
3430769160376459047742663759128184807706209186746475449994676918532056482255
6245395549467964725312883445652163270143905334682627313278865025481703353731
1914009173690293995240284082402750279038411873071812072036698419618723377894
8160757999621594849066091151154984517526995812365874182950805458089907900265
7097752806482918481457603767650910781336624873669684384456727827086121403273
