6421662707920564456239006838448869807014550093486273170935313886064930148155
2977802453906720745364018886719335479985932777208381783642182840855653913003
6549034823857842082994379233430096436815143165279719671258968523522733291791
7631051245741872696487799849766700180026663590851849739450961676245165345954
0000000000000000000000000000000000000000000000000000000000000001
13886623568512872433041443130623140893140269324636626827672992209936841317
1299700111908342992687305356176057600024385921618845318828474162074206810905
2226412034117245488154200103916440005697189398885388897451576251085157022449
6704418697119141636915050712086300886431865913346419345545558856663469061793
0000000000000000000000000000000000000000000000000000000000000000
1489247586962425917430870911626193928041960626664949527729826349281280369187
8035096822537144539141315795959372221611540205757165593569070840278164389602
5262461366674992350565956382376680407214779098875979450690906335402860238083
4994089807888190003223575462196465341815707916403375273084515165619561994190
872409943297187210784092223471659033634493852179324294238220566548284225295
5809403721220679968129032408358950882724214952392613838985622314054814456839
5091324288534421661999524560924132269018182649243686013022873063312346732552
6863761012138466095841185863145118507963994220313743653690180360608424233234
6519753679255020160269100139481733425953560388143538110255871898629933733813
7854683840487914877304958350643133332525242729353727841824430034086086731891
3389425499912925440528261044588131859016320581233765500820297582648247857780
3537578495306560793534358040802656470191821398930719137097302737263346266761
5561667649248988267771459045669515627538661600032551606283041195875392912997
