4405413365422220568237000915304400287543352561343753572223565637763382054477 
6841050157441205931338425772670186416893100371404196137869071597866951453931 
5564665006946419900480726927394447585031078413841562501996205530083861506783 
7753801735966491815983475191680476399299562910147144332454595088766744511542 
7612649282574221291501644287475217399809333153435294072194413483783401824696 
269011512527904519054465773224033741450128236368052245821185197985655564949  
247333473161538611320767364738644540117174408588523585852113017188986577930  
5045857633314769036535548802205746191779564996407534343394521479738902716629 
6858226076745759485577150851184918204071863259067160847856254342685826987089 
6792061971604192064420005761919310483274020273240158455893361591258189696163 
8285840984805582040692780872189618222309835284415708535609703058880122396171 
2036201142107603176370742278462273203925205766720980593131583560341557957337 
6719381938635495717995329685366846729344781995729883755627409739203039847406 
5523439174091181936746800068891612062992964458782661832984746663907774335736 
7763694093807094076360462803378905696955045564604358036570992656639042212508 
3251812939487461116023938906995679586458985918337642852100898468550919950127 
1753135029991640620040916541637499283011464858991259701146979567845178489996 
2427876978579980588890731604984089840940883108629900578309774033801768181322 
832733723607307401844547531220999482999899013676236338460807803534337588059  
8022895621029997680902002271080755916546873327710698055406495325094624516694 
3003592304891889405900179872932693742122477616924643020923936922072176820026 
291140335125377971168876006100345714790475013160216583704156434456078311125  
7193456002588284307900332335245203863833386732814217735352792207328250929285 
6976140069668463173333712789318401651721926735110355530296059130627202399951 
540926018243087538704365015699614013541580791763691771971642121359279812063  
5480883228541557851548989237103161861873106893793916826914673565224937848797 
1807138637767305508452274992467104637330723333562223545733333606652265133866 
2592857142422900859288534430083617056661423211438852678956345343071786735026 
693156868494385009545118394211144870635783080938556778003495644969513701132  
2167412808920164329905656059797611187107341122220688310667535450817285101278 
3894338919634425020466012811382559952495736716162149729814881575029967764039 
4740540859350302057770116208881224418598293464155025188186242281991355899657 
7757041504664429602692416771458710006491873146866653276768484493482163831603 
3007583357509675886849450981840618519123085796092618363939006973860500356654 
3817685026038209255218545458461383277899663955432287723620940150572029032477 
3809062714878377225162659515808165376591893026529778061978682488848735603277 
8428043243042840734081399084993771044159135126772449160576641893306476080997 
2665975839759592924829401109454685923153156165326058512313402643785729183143 
6587258039694931088711085058833530255557082486297346618489299965914110205786 
2249239933430871920038703196371117192273363349001642725054711629034196633085 
6659006298778407578798059189013957571909560740469320653874530994335490144869 
5247385992039894565085023248682933630163438934167536625509227871857925821189 
6310029499980651553018164443130674714400851276653686495599208383264639293611 
7388385550321887952946666396948602648261252832692257915608501175374737959591 
7163154940298547977796006165963129216233255625927104740165099349429742094518 
6944218624328339000106647554248893284885166581857855742057691339098142444445 
4897753118461445125819757224457849556552291365051296901339869425073671624211 
1324032757807974158437438301580760928225227871856877637563686894944613812798 
7220101746493163099721730618464720946346997778666124427135230902954524918171 
3885750403119264495890735459425932383129046949458416412154835879555222936757 
2624977200076238549870531482868906618762285380478520671289999129065927057884 
8188291874483077335962865442380561531358207801785878221490718093908309522823 
4932834521819395231288824672434531045362705243725448984443602486955680010940 
5315297589222817678462220029550861769568870052514976023751952146840249276059 
7335717228801496696408420970250069701316475381962991110158278598817645894363 
6164368980876564202839194101131635271034758920130924409519403298416776500268 
2740713451644010332126117346859222418072685012138693791911420432895593229499 
6360401774061243345926250845356138903206067026974262750748729114784894497025 
2077539272676552150718093821748797046616725586443680482540804928911207620041 
1640142189864418985389089802928477538161936573653972585613429715853802199879 
7490325751630447898585162163252599530096193901230126766787861812430401415279 
2914086297710033680796642980068314735314678052939278907435206160919684704817 
7014710007918917879037672351399255017409696545437090204960368841918594158577 
1689224884988601938339941042003496178163401940229751404503659375619027781709 
2960780503420033674614480645395456588360765100654784164018824290598209402961 
6083807568434663110849725267910817686413261537322079471534412789046351761633 
7717705535455401859255076369453699062841760252690285800374371565332339499068 
207634958085712584331663155969646353532284621898081291528888680337006332138  
6497684053108074332386541269879561790378956630688877438390036847708020207598 
6793685273797207061441032206390514973108525897822163101463909610186878182221 
8136411760561362107834232339178063762058527894015305260581193782093451700611 
988260902354892052518689895934344771180992002741144311124374763709851044516  
7148260053823775021880695335330506850113551582553303370412565261635424937574 
8005369380047747794163437773811191274968063096745304161211196702737345962626 
105976615144421394764336884922558332824869106603948736870379029544746694357  
5336321963133230788541313257289538579261742727880398711948095476696075936585 
3441011687862854104930612683900258383119434934630927809459574553238064681699 
3578244766700010875464353263903895516739443988854100961357936680156000158765 
3931693595709892682776726015413062892516064408550714455763491860983547872084 
5366655594954528272584685208499128918473062305611389243777846720850567496196 
7185392033955689718908685828126743657972405053721210858113256747465780765706 
2545134214749659679809701017346342728184762787469584125882571279332597553560 
1557080970919304573076446888876339559801229143342521767260704580638278939969 
1451907430395124173656838287968654530644447539306588941216933028443759085794 
4422647642281730499391499467371553553790084640776382212257603122190508208504 
1343151231926323620138029546312572976309955578901895624646055928942123784106 
7254002615199587258501185131130032722187766288497393846899647997214752778968 
4611444108203340668402182811941002761498242728253146999096437559481540947511 
979954417053776165598886338596316163342736001994195411867206419184965922818  
6301817188088635543104255901717960631032486375206394496959082333938959873629 
5664193134034655016172649894578099720206538910061835355068394003171551650860 
1912307943961833312593393010465858223826804714788842181204730054982232907291 
4978801643412279686495146519917758666391986408817361860553120895786081503975 
973937011098589849259210752359123141416048369060038758305007556923782978151  
3169800860086525796921951712005410939281557685676749825634806961881560578951 
2731518932547521392162379832363128519996985815919555270180217619306870357190 
6805863241378327486508697359452216134387479851188788811744193209942230336354 
5927704874520896113399457059284426505636903167856750980159754393779435752775 
1886712308034700857657457410808170254136331595907524387068597985103835450704 
7061910838926184909451081576562786040615638749367509918001240936362797207500 
4803492714893476449478640387559260738005114212666838480696293481156093772238 
858760616931101976774586008814892964133391701452034940946340998327368354217  
7722595550309157896060403142437951308330378723748032859706956978802376518440 
3045708610616321045879081567318627187089889395184601440497673069317731742432 
443512351945917768443843841497171715349793553650291545918080915111902421762  
1898132061455619456583210814238861617135863231230454535846161029800299499789 
4879058135735346754558653413846632120041168016223237536246554581102458752185 
1358599260810483570941269730664858329819818115214660789751880642175672915354 
8231295558046096261959593115188908393750452882786312744278129541067918773652 
1653984361037962809322887330703211378199129165674503135504377895605353376938 
808250440554593066201634395373517631360496873156014129602178061585635229419  
3323397951946676441762615799817136222172998291162488736452499875587896102417 
2507522172720483465160012523498076460349709620836983243116273728898279661532 
2741179246885953200327066613733241130082721564579389620578884947618503132549 
6325652024316183399411362893218974960018445637824265094722485532498794370824 
1169920456409629712134189536383950573014463035884971288266131544727195120913 
6589054881004820086552344540453402302633735895288962186324754513336543131374 
6106229160552135523075782479068338077232528260603998493454075287027191144337 
6643238568885883193656221200252198309614912764894352527026071952059302287365 
7429145182655750006223858412058809408736376177268709435902660672885550027995 
2613542919607908357026811480564666982168351136995751994432152904872241759988 
1911770920420861081425976141535852530156103030948945757818893411440482831515 
4929472675259621460581082080110073770727471428661542628318719499085554920455 
3053646125212595383752341526935673642701935870827570640436269846050889788924 
4589569622548561534315724225953563193878742884476750382891608178253438939134 
6657279216755081618910384661093830500731322216217082549049282266089639596456 
892287578360014911295700645731102229795332729881845148297128629968839424378  
2242600473750050169841447206215506430787765102137944076558947990926363220991 
232652282508544653659391885665156356882379728939131985659309519496925027880  
6965687263717186359772774554270150706629867875718640068743889229156868221927 
2110469897760834547170579083470855957609236139953032764854167999405368757864 
5762021057761058740198879458101697865111329189785546713524485184612029982338 
7034279818902412089652868829028979109253785051052401949591562993306740913967 
7252456577895471592963844335359365969652167724818357103697125375068924878241 
4671442634832367375325062366681764575676676148312948014256241477639191839108 
6043615529297883192671251800758388227237271388396471642056852208314201181264 
5530890787958028824324430148910160389733261662340092437787455268105668292977 
6020958327595462436762608123781532184857047276696154572863954832485762749243 
8432956158839962307349127086038849825510990218102740643563345644352829928964 
5982087742271633015608654655437116317282090806681442481822413845333714031565 
6973541357769895929173284400624689067812473788958957775776710841947964300339 
4992563179340123616984807184761843133790785263029050277626654688372535341907 
8226731276776357612498494427290064650940914219683893660836982858790098615720 
2246151277828131876792311452152251652687672285745275089277368134709377967905 
5218469550296014355364835035156318205340168408536621612583440814961392227808 
4285113759631207162731903378180917775244967451097764316845221780473305080159 
6280607395624479770529668484206268643622376415416725452933059428582744164222 
3394087058075041412618259464030282460127083222508612240734332029469966986038 
3269187910510791715990458586217870015273217628931953400194824407133928173187 
4417673070126212305327969657747176356643048437697770422989801877247778765771 
88211838465698498279878385884359291898744040315812679267711628138175949952   
465945047941460858980722752963501430840741408169530496219700667755593989417  
184585121459815176469697686325727091144777392941168349478903723091667031508  
3434059352875629630661692390476126512867338285133695976639394354116840058452 
3030028019895083955325356155400330385974828190238026917384770733042499666277 
6429934231468201873032984344464677003383672572327776893589511677630031661425 
6631606178293521504446531276939889954604891542589330486089636170669563559987 
7958244478692047148722562494613635496304918205614623777991743093964819777731 
5435664852343926812814686870093488030219820122214256080117266003051963137290 
2949842668043758942795569677679829433154434270859538827360500522818935364779 
7999093660775026266745416338006349976410397448482534301902910165523387233244 
5974608187951581695239390544846115345467076665665215669530599617266273198429 
944285848209257105246312241232614301497982476537146004020390867050482365654  
2658246433096452482143437150233631075531527558046204869742286576279233784160 
4757180787383961170033023761208837926258503215890190084846019965740912422071 
7910636024375845347966391462696238791576906190487007640104262622096879345456 
1113456932765489981384749750531138159583929189199631861184603844854792821861 
4648942917258235865117415170633509670955343131046846408101506815063884929616 
1094595791517991475737779556755044816563218434456095195191766218307048593709 
8060955178580184403002375393262733946950316060452417574260243596158182426513 
2138357273877794420890502714671277597317349336537504632215682769607242002996 
6178179373152958269918997782761824700301041830769889333379250133521878894865 
613552250505204853982015765469948529767860196486658502205192479742834039500  
3463919380235970589085886624534559526121644889793838594676820239061461723919 
3529100923623297746201386151422053964574461268251922264846923996782352520483 
635977839612434410173811110417034861791188987510626994664065882131611439024  
1580060361176320476231187192029558762501795155473253806819088214818912451558 
8182289826199474563734740529046251014228944288601352029926110744833506104296 
1484420567133651614393050515629720067682422772457726100659480297239032357995 
284364070824872269253336593631688491806940591112710526396977963226643123498  
57666696312996218010894344195670734817646403531599156889124383225982678101   
6964702963269440662030229601741437674908477029563019151303835070637140001679 
3207063444077429494778083516064249705318429261042694108863770593276394790248 
1722797457807123036293869977606139917347403318776587685965569204228144661448 
3413413979117385267217139266839804365346373041385546595118459264279172959458 
6526932738392382265902763612141223951989254901891000760896419003063026870339 
1642173674899022168079989797879836747973081731701619162678658170529865984563 
6466205904279920331331205447643354000932668280178838399390382016881211815576 
3377520877678908474887101255177576666407909414795071040108006978612054823198 
5554815096732110812740216174171813293024386740450821584495655609028571095008 
7560290910770960047372954608301743056861044401514754331591095807393319052406 
6122866993398159995017262782409501003185359465576007272541809758437703534910 
5361440766273962653073430861158163557258218027408055381407509762817274751743 
2527052627419298931884933216261842150198468634689418574690998226026728103361 
2278198418675394063152634202278960780973765038738241444098191616906364297135 
2662738108931934577003118169208655919754406680621188950321588663348711366925 
4030987394856005457408513735338387715786831507915754478353642858369936202263 
624690917778973181555617261310455260151409982187332944146553924031713997224  
2839344202587863744813242588240622294852084482637112080569246507141447863603 
1820686857889584794543977748012875222471995426193851733927951044872005059378 
2296475940685191630623357089674252714624559354092990405626900117088132373131 
6913323830216281706060514709731442234829422768853892255125725563320611617748 
239360243462106442053633103374960232993875372355356843672287577645961001495  
956098104252380918493760748119354589560964802258174580730195407323236512272  
223896142263839958734472634684499617740730644980408325305747264802191267462  
1177335454614018267006653352547623921011829333735002091310984550301057142740 
6737606491048882273060163477116617718098383641505962332199365496239558773637 
957844637718262575622950691603532235152190970541741199947636624260269222202  
1531980196546686796331069508820378915634942362470291939287148725433278347755 
5278722409358068536951985472706930996475436183985313179019355553390194079363 
6248761409806966902425042878539544356473582651639532863725120275171488630778 
2662395726248993785505265107415610801222470829656729782415168520945657866659 
2104513349119754844727772590198517064832152142179886716083831084275052399105 
5645417126954348050210048780935180714819173348046511128906695848376320961021 
735784224411852252859474113724068078590025596488820153785078900341450367956  
5836786902478212685975953602533819341065158796944686777421506852414893038274 
6880854882907509302869670054620220076111169203018996516708798418337135531363 
5695545251450786885459908112638604419370344221967593404503894143702892754717 
3005265643777763834251434796920420879548062489754316413235446988227558308383 
3625363414074247507268319804317722624087143301939658548923000998172049617717 
5746216250440498936888659352647755312597703036232697686199184277415143598288 
4321480376745178272825391152745508247593916997266179004342264600178231894127 
6244743868342235478862513738725974420258397964723394159280957862937266016259 
3384925846611929066915785054552437543693958557929473866190865517399035587823 
6772068550742975848220943264701427888032646343111593366833883585236871713079 
5985754909423594036171774885527139093405266897306152278087813354810873659839 
8422654631585009392421315146906509740442298639325805727259711885584513923778 
3307717092517607238670341064107981186568182278974823977912528109643148882901 
6326768244112593285204191163936452073943692367043953753491643264575247507446 
2247072807337601653543811618730783261848051356052633950014627658601517764396 
4765878864402064571855865237169351545350301683757901421848430437260298099881 
6583268457016999921267978255716618755308280969207152207216125410181897063907 
983181252424579458255600522987860998098650820237014957193541319529095625826  
3627619706673733535775715928311730195823797078890101037420448937737677483492 
5367753888645972439139389557848696685459697257289077788874293596221374269000 
7260539478130036515115980775611836950240511172326736290175746160022013710755 
4159775090490273222831471006821244475243963166244683677398220916521787635597 
6871816982531804233765689490620197250524680552105824718677048400290853994145 
3976326672716279285130251086407057903157253215147169224598761748770766653989 
1561549047120969254676854396164777757748072617570836017542438786188875377140 
7955454819293283905311701718842460029619143260820005949569552811434913456251 
7314622124308378591253781399324342483615688561422809438468188643110447189314 
7405569144907396496928690535912072850146090269251556290107046912433177206040 
7821324498544737493602360576522006201655119868776015028315370593530389109161 
771971825495481455271194313595122941118994862301091427629214660211373901282  
5587651626259649321380771361073943774398544876785907194786131596862307285919 
3076815337090406063231051122784404363580871586504234725945807410890997944673 
8195849586888223288173321873815632394162068137472249912246829556887719110239 
3633344720703975614278822075873739292837807097061624009661128936284365657817 
2765441911312032215003521342782880778744593226366827853632287383016582732495 
1061169666255417299110029297221479679728013368661509741532760851950114016238 
2336160393910295776605561187970426100161747728916590499019438072748659781702 
7032831155748310114785148876239925613789754050139821853209649692956383980137 
5554711927547759919906165569130623105375029758065744895632390929945623392947 
6708334092417251634431628179230745176561458271384039644991599431676551012237 
4010766154966761534661466998278340918191823758990328325428980800669076373657 
3554309021452836818306549331823196113065977842437198921709553163118434416845 
6627482611900992741882320314027668325734019218414211898135174583919083445298 
3404811173247353990185849350757861324858693417125787263772951935173295826087 
5210121338738628326857566739792889822667484027219014548741291203909865676725 
6207256432772214992031337107249102017857025744434624921404297736899159144583 
5050360812769203010908169694085956365264729679063398675184695671693001897082 
785223430435073642750492072476809403950737061988218136423802706202673543488  
1705610833428978107528473774304615651271600751046935621200800849172880178309 
5399880563711464724836162003948188114786023042985730147388814242979808116638 
3433797678460494597540495241185524207918814506718588032534137209378223081079 
1519694819272032720844889918358381071676764548819091044269170571208866938336 
1141528771339027927701038616267474606639016902454482310085971832378508056889 
7539749143700020619627770001697488213283349711186339219036042540924432470579 
8043316120930629455200471177405110921995280588324532152603721730548353133187 
3672184022302918177337193617182701921104409359648697062600291603258779680752 
957409874180480766001840700714989525187999209568543146210198684192764310622  
7082404026974774087648910821614487111788724021620413841629807553341397811585 
1122463955082177593070794878868150510297209121339069100732278664461491917704 
2195091085159117673287500419656152872205097919862506677235179411066717389486 
2432142991346214558946400221431521785622573291588674784924121998125230178895 
2668173383217152078441957630066861714985036739547360495941587128100377377303 
7578495881646305761310154416603282590902667917978793519265696251812168629440 
6217449379251959274652353867044637300367015167111227720548699827991920647081 
204833756078804057334924930675711371808173282688521346911315956352226402743  
2908308090423557989141816911487443557799158923387133360717936542906199550783 
1371764235218100113910893609115614530751406154614292511771125766670921725091 
5568556412314553513892125583155868524203104136679086048384195606066034047043 
7599352849272496051600002354509727932620783034064516178062064432434583829994 
446713842517940780829831653910021249270726776867997689382513147871596754253  
8381111854681812096261915630337651713044742445786764312381164966371827360045 
8199846730703331516664932204932427008017863464783726652061085717855776858575 
2217401702007940242475721339078077849070763864222846898318848870927609065300 
7215991022040953227041360596100375320781655042833022482675604349875453509855 
1876391725978496322788596917088807127954618698565010835826218354030904958865 
5050014835215888787453938830310215405108170924945565663349589288390163954687 
614836801796714138049985291268985345123368923717027751635773496520933499391  
6213168863093442842197838274444663608907863818492529903696019093721664574357 
5905076000023778160674342044523491108197577947812144004300549426771119107081 
1380774057569881511815487991785362749116107941712878185982558563821700916523 
7198889770139584214213346292699177292661930273497782290198978994477038125817 
2466112376623325508736244645166621787213706305782084452112162678476299489708 
2160064384073068356604109343613451226968628437346523225955819740316774689755 
3375445253986649055010054158530256383400422645005472641100458952547119354229 
4625737632210416690421669314346702272873885945437968672309172239653357893485 
909603556047853424694289672458622104069720825940064883807433840307223826813  
1821931648689007173676625209409283019151151370786863156400624132924138730701 
4667209651379479405715852757496077822702246395159528370270353114044031409002 
4588945743156475207317351764147771440679065273649187483618990383594154134379 
6941411458476431460191502153825569888511640938700361603029554539598539985550 
802587224025823173614437653370346018519610487506198055650440532762892081520  
5785845879473095019626627542969458061960097842324761346333357179619011275288 
6996974657911359403726941635936498628336178432358490883469338284839412619099 
7209546920410333508981453923696689169461095986133086292740561051696725266963 
5352037920949566902203393368528483313496788455887460208366809364552039673307 
1620712063180217299552267832068915077073342558695206659223439533137522006510 
5257639554450615487779150063688061136646446689931229940614761446818131449899 
2826863362518905963939278287494207718027604402692321222216753309033818378004 
3674077467632522344127500406402195502102771159722347633877359580531835303884 
5273882094426980161956816600243260789281668369047596482274984266575103149605 
864166764397766799807913928337144516554838724496978675229954537164279013216  
5500266880694919512761525543578667182465597499667592884937328583944282827370 
4586772980781322987613832830889935255199612002784005194043929242667677729207 
1523448991591391104928795599865449356654838137976983945446990353547480975139 
1177335280828192025199538703100404735178942840808470884357630799455108523423 
2635416429863104658748730191080593304074641128791996858569564705643203314744 
3565634126922403525233845273024937162593016483519215117181328417148755200894 
5065302346457544055478497862584225675055322525430642864931768800878873122422 
2863928653486820842153631254947770027022183052446718875068960186467593291129 
4071805779226127527147589993171139518778670963999279560242901739137783421300 
1722772160252469407623962668297392862358794262931212970394135334866194879057 
4999318356071391925133006367588853925515165636716610019579292248024006514613 
6630773306078941390206053536953238514896954902450574943311198275342909629306 
204603133749719815800286944930702311457378593875485427281642314003269968510  
3390793739258580318652931440809102730486578624379540678699785737241567908524 
2570266068489064436417987304892745447764464362681161894213738735127341456567 
3491687454163144749980573818586528850565112981305304048796495733571313145047 
2868228674293616765191728544613002257083657611752266335655952989896167894626 
8113577518999722005913399252076639409189116857303782225967621023450850360623 
6065327043239086119014855928376620621816872962860814894900507639381438535363 
3060978899923741812103913086640753730216715413506588228481428269669736996264 
826036235933923136800395282791493227426927691295984480738938358786199301197  
5700103443850472524536433963305785653946392382276679393729016131332567369409 
1887869739385052713872199066957026165155340324222548678967361388776739341754 
3091531852743556448203719632959364141197260470185581659662462398643173132419 
1605387448734545079197130422919445451859691029779892223242564032215683296156 
4105149222671153703485641083517622811099706233719162500058916520486925524180 
1715847761254299349193112976104221067282030706101106260986056032661326071457 
7641753968851522341670714042751551544605703538683306912142287536948812733742 
17776258310252856852503552406116892431654289331056474762843089341389997949   
902395112591082605013370005098763390018966197594653983682848333566704109839  
8135923154484507421030898671555602005005766173448515952081394715687268626559 
478594432745335168649107619545770693062550820368727037257475626752195985482  
3866829053434789636380458422577015957432232506779495534264172924310895205540 
2608021362453760136539505125011562367820712373123803783167331065722523537379 
3472797373075168609368270455055867442317401298856278520335705239378206853998 
5389631263080308456352644074132344959194996637177031773469933354701096097210 
4334568992202838508296797785783363051541657599366341394384163512435336376294 
4372409645070683954171211653258875576780175918335122362917529012649368089580 
500580644139549614925312074977479918359247691386704828584777653452266023822  
1385976568276722003056974514008119112576961903951911956188528384977738146002 
7727644278302421137143205373268119744548947981844847219230394467715794677071 
4400831807704928485149126703445346192773867961562776244535782569908474078781 
3682249978476357550945905880609265713243326280375588312326906368793061560316 
5884140953127437214099099169006958605281873569367680635567536910765346626564 
4282556435186134006595333942054274246236942286873210665094315085099611663666 
5313565785470724829620823144431356443348727655248260424400834826662587523700 
2487359884870967938357934436615741096880093861447653152727444295546759100932 
650589090333871025976583292323183787829580849338832751710691891255635736858  
7029568211853151823201777745620856148698625393214523491026770592007035671391 
5749046193838345739542541120209541385478851471007187746463855591651370351580 
2694245870350302080700759188828249434546936154958156029250646714480558904594 
5827240804035124289152818448351894861112344044323317074094624270867316661750 
7498751731194427912180866477924042761030564222755799064809688503385462274295 
4787695032550247940725524383270991291646541612582567984026267712771239023252 
7556858887426428318690937007152262144305690017200891790498007993922562380141 
2803326120350115611013216342427885171603244457554971175836179519339458460920 
3125700215377559392003557305203067734240196251563405386683512958678828058406 
4042493937079707323232759719741553654089490713884587673131022313741988640033 
374361681903128510458636908605210141804616010475591276520167500406698097652  
7891466847783030060725819595467120295181325760001574218614405830489364580279 
2104608954740239727314459536340724923310491978843550323977824916627109858810 
3511741732274685694358525273626389918944706643936261907400733322505806431130 
2934487094079169245188197901638859722502566381348438799310073088783181654683 
3608842411218154542367498458635723856456038817247689181780156094128430837328 
6720768642393708089464359550082452068597508633530004917389741249310297752913 
7459927647886006224178756890502279394320622230568642427255262319605376376720 
852588157760787101695060179471013519596609508131769189536512799155038840700  
1859924215897214126527857940021988793678091166830356395394104090666813893346 
7403214162929377821904035508673323380724027794536432010259892938700557340464 
716421289260278334291390968726883395431599347167274612139733093318023550772  
2326719500806104114263011882862185672750606559813246338615975052175372775928 
4985633388653313033410209813777430501971526432102348350224743099144445439214 
6813333251349647271670402713273580488667139072559759924315315162631768749078 
2180046466577775137274669536841837878195731880801514814847329303134644555533 
1425767318023485829712617759098318639310950711171257847518360563031654364281 
3712664047964184938569155952208421258686781010638981708684386014158017810878 
1948010058395321784565094415624432293888169655120277401008254327601512137606 
2631340250466070476517637187677824731591803379836128291470908587072695834957 
4347128037709714767193644231047984357154404269552441783267794898759409288819 
6112254658033556284774223012455280440264938803886953861516792739968545740576 
5134105047171483527425672151851498687272229843354763622644837323883992567394 
4650204818185338562762083126864328282252197197330800076985499915096645380278 
3091961103500802947362778607040065429153415404111423611753805413054334595982 
851826824062338305609311495784112932327076634472857331297298499244845377649  
4793641166343750696265312596204716092961285492379785118955985235417789359180 
1003646383500153355458186816546484980099490357620995089033340292932957051940 
2120153048154339457754842179439235746012734670834886935985466772586027820077 
1040677423943824244009910750013198630194460963821270726459967149862728485277 
2153565494821621829954972947767359742003410149121072020601550772968314764017 
5121363483306226850018813287006379825427946640677518848416981325130661039130 
8255170161718252227065913518409281602940033582736609048680000206000416178806 
4555966232768744570626868814984613153153719022879552039097872883328354012853 
5868661063411772290512824302405186511067326820224765345767046346231215927633 
4644068212897723437278220597416752923473542842248156810410109928730552878141 
4712524836355916901935958148448366882515683600136480985665830896288939303071 
5878187076667014002781786085248805115057604149828599288119930028697289018260 
6931400584361922977498002197986409997873987786163985899200245621411855181016 
3311036753028536462750430370053848750052872877413424177135768892007942207968 
3533305125741181149091090502441338518658881010090543312874597430832127560657 
4593867128514207722111614869380184231062965955629634644545775144004978948412 
5240648623370200905822046075699919821998567684883945550121519357324641766210 
2864946878654296682247270356734286039174652567747507417632526070485241889581 
4332135602272806373974678809121574134299719554055086074159448528349106498970 
4173184742977757319111243276816789878564249864288305641870842166877359270987 
3400475137079094675701733593506217888439235908529611085727271532164940231828 
8197789440636944382739443273695817707858388698521631018500749204382603621286 
4503184489380159560713960008391207876341510927986372947384958436096751115178 
3377525316427721005031603351726331746800151535603453901363357767177378368286 
214001465159448564531161011464506549193305500192811950575490978388654910971  
561094643434816424199428868907666708050799626106465863349786958511324147800  
2816235005548025906093169824831726012711197860056926434341011395788363349797 
4403466748418288999966051292582999825873845518717023763151681499058686370470 
7121528686125453045114203423157614624869133158517918343950648079243854387374 
6077275775778574325405260243259052067758059264894689373395550132203078560467 
1509265735305304632573214415454561299741266215973682563524125069318391847189 
3581677319434168388530276336668465298556228296436193179675500992311522072768 
7759168750342096912419807948264622317564192750679791310867634327560190386997 
8041826072929027479906490969503303908814542327058718974043967516336162039124 
4591711095577177931624098136109459864229375664779450968535112957041115294844 
2018894917820194633768270311787608398247992796025960924170365977802056757898 
3127315507614737177581136582991359273326118046404053076043521139627973844291 
943252923512076469313175354892683891529832407264061343618506778764703361290  
8246897323173197632698042953298561430764517241924081285839832101429054880535 
7425566870162903160237981491166212214617554387512961371617213930525615296994 
3300260824611291837879850150700439852207567042510338638185746919862288706695 
7663311792376284386524432466355436781890240751189254455408790083339019417045 
4897768097548769953657265206236179800720594125884538123958508376193288562882 
2975475236307718441825975002737731379283877541256891403060440308612290698535 
4311126815533747016725515056665834022909077023328050312884106069103673895597 
6283912136878051102701260314702998534699726662417614576808409571749111701018 
3875976615456115188469029616371614671264817131221436089997554668467342756172 
6794965137592677774425034238147004677172734819178325289908098710211798643399 
7802655946412946615843270502870766938867959959351141175387589259657597388915 
5657311025332988898476595539768169562460322365204209318455858413268709427211 
3591787468990146343459121946700745584050045601270618032363419729598391541650 
5506536778847872176134730644177002234411928223880517806735254088486767954830 
6712953008458086255597410345804182889103057669364478554255646424845923101735 
2342025021220202655579065336808005407445691964043445186928838645984371047095 
6051777591953183438699624835700693337398337685983901071497445927934454648345 
6245666187174315202491382875008481190883705973708966254081584746782490708991 
4913990076490902206758499809436545089463488832113156359717554366499786516529 
6407109911886135718554576600941712209251915372916498178995019098606849453623 
7313381507600019946727397626266850993505717675148947297314673130647479802476 
2003716898020790346944878143932465701306857908089339544499747443780613584704 
7638651448448083843024188297320012776682034239327845656043798004944304030866 
857673449714205976258359873481287806037804868407630717304721681078306778176  
4534564607306502660367907710368979614163728583304355355849702843627065285327 
4041099359406385414550338298933839438655449158789096854114051433325787218947 
3368704400385597837036921677221048673717878654834710684805421511180294532306 
7902776793618728544168238759917399759838163539394546350466797459178472300071 
6880362425249076634659615951581600962806602412989748370063506678878519766941 
3754401833756323901789093556961462368389356572260699633431521773604641848909 
3423467068966074710330348275344421981913065195096553936735202058220498213475 
4817443110412791868587393531150862396716672314350894636158979748803175745521 
437297376375439963127366378018516990830477317962230349229168848669639113043  
530572986721929603886300186317808824719754072499417301078609916838586969349  
1315644919349868452667847455640172718271439712414214938932889509134541873827 
5517570238208492092942516406793905191176720930359608069530351957285754231527 
4626335982160961083582142564298012228232788139876700515551778982956733341668 
3345067330314403399898484201282597464420715723274462099850928757801912561906 
6705449394016057817359555773940128587990999462691117391788604571060286962920 
4818473342864398935134488747771754662692024732595879678357714906090371209173 
919858388079949004854492826317999922583356807464343591254785210809310029460  
242533114676667549334668647738445123895005143308826093542136377832156970299  
5806945619340000565873300083044103603088079156686890263425144679506239877629 
494480299791871827837299616998961893368437119918697747907842296294860742842  
4385056557514516951647336776384600826034219950258215663523101365500825936731 
2104923172044773796043408151521725041933380337174038843612907450033746675513 
5714509396274066480531063285911782557590717053455448466464209808568702271464 
1706963739246297945657688383099419884036103239668476632135524288110900748938 
3754534460294939710746331353497057108106241555019506692042435077895712826514 
7759517298124643915975500980849654364042982776414705096656923244945098308925 
7373882110833934657081438019565641516073916794301319694990634571422088868430 
2065128661276876030345614973074687637734454993512334698788864780143303023039 
1956833104936343535152586746997828900281132996311798786161650537861115531108 
2425210032456000781588145536425008816189236658323979404131315809433230979062 
4383512772083303406557996998451980938573233641599594166398981482641637790671 
6964949243518500732069437142245619848649952667849480397383783578653043665847 
4125916821264775497649674516119548667391451162838923717685960546545789677774 
8349971022513279380640698521198182479639470778638111295588887598658282488441 
5779599961962609373887989588464705191207486178766226213348807595580570172402 
6282251740087012866488365973010317824673435472970826107926307520810560890329 
6873143733695746680456070676488899270685186987513656585774528974681328015702 
2637096938401975230561627101157074487924678935588710464538160012505499368718 
6841388002432191615172431471526416387027922277323882240844822091962450313991 
1697905846574947622227545477198627110464106961860989439426401978185383599272 
5745323128033487756029712673256876060679628117140953219965228302364630623768 
2424906460007217245655392392261202118768141840137194314780486716022193387463 
7888386546602019117511216779478944069357263607284860285120176170475468490491 
5988182419767284180104221521254946016863434728888022172537909146529199138150 
8254145806226489707684535243563981757252862325110625006547004979572911457269 
4013396179225061976358926997913810961450907478521948428087998408113081001294 
8197707537066435445157520906326350186572282218068632332663207333337021081111 
820306209666559555469975555769352424951508474755932076039670708414594801528  
8402792938191409600274496203847150815859913807196336040950447326212560450222 
2622849990498026229215172680276651728668599525112797424759289019578152432203 
1692869987107776227689852125612713759405797734403786533763406473694210571189 
5028041084863355123233197548145398033993780320319581127160306860862413539936 
6869309076792887352367827167415857753111806060809986742528953572467010665366 
1399349986999693700455051392745651773614827787381170902877735532501142129874 
7976250272096458814575968000966693741271516068003439813455831211671520584131 
5244556889349444974413762970943734283277278258708478395285685674381782141045 
4187157542076809274796194802427040063491503124945361037922171284795446982448 
4855847220733699587915816772672865695630324843624967649269781186033134292613 
3144051706527650613129392122075711104317826799898232613306213360124201397739 
6927913612940564567718191654036839354680907240078344212893797849935940828383 
2974440073061969339147507324119841890610716464308283072329005873243142471234 
5288657355694112320822254255228380689430216295630605319763157783583930792623 
7446249943599711440175329425208643689379104783911241167196816651742212292698 
6831118848718051871243617997750554857575269524506282524104317690865663633670 
6094426718155391633615482562541010097580542600802353616530122273712225876423 
6964192228098918819641776860025209201262639355098083906597970654178466242044 
6041135443138598987946246266837390850485494822377939823735480615858232627756 
1078378607977289230024086637656910422275529099788316250981615494037526261136 
2594145895734619816777392846508929276895463922531227882842733440134112101162 
4817653877552768629184599172691829317128441608871053683197777432107829126726 
5635796534317340021149577587003430877364128124070448476085773920346793842840 
1858248820252818913727451741791080948371895552685207916906840448317929730041 
582368204343274918217252897565630213922844028666899663927164852426849142     
442488240823159288293986318520459414971887032198514673076536523847519625901  
4776396575583565989610768940926074929419905922082223755521001030763562337863 
6529971271570666587585283759411331639561556242380013787515911031715101274059 
3994996210539105324611537870103093484092802585788916034323643757789543081114 
7401007513164926796156952168276840560540158800323572275812618400455349392141 
6670990164574043471792786520134796947522882301896103958496910390345722570411 
8152246166552950860666479423533947025790393970043609491019699112212610973816 
3548416178507061342199591398770236963558554338501886923218521118614997404912 
3607267436783442207036323579157017585480054516242546921863504929331348566606 
4268952451467571360046838289926267989568179427934372912339593609944930303619 
2233157291050385587125767154264944238604427933861951759571463372085111109170 
1140149796425978795014217143485628965774609755973930984316498676604157573042 
2855850135810419803087398429767720485895045016686696325955766722493218272124 
5808360778198843961446129270133763840075908851183114041570444915668894955099 
1875242846802454328332005589492291967292953139475969833400245571319312348512 
7271327781375349985007024496667388566986899297016786853854587160851398221518 
1518935433644104443738731140052835663613866123999938815317938544260083453083 
4371385198292193663637643196191841368860896035245793449434085556593874842903 
6617706588314581484917257355217853974397795377891490116522164007633317161658 
2440147220329905442308532711055809735908586557679571835983608340901419820522 
7664517883989932015387735897757068442431564640600047982695511587229444458736 
2118124818548762429617659139677711953134638709798404663328699719465673869450 
2142670453670511171120277687031338785551044720109256872802564454227561217023 
8295192438097157926844970816725650816584030573847599716795894548091290203464 
4010725992594623638663580461813564638825618203202221256693977789490420583938 
6597005647492751847335723577038827987926259575761575587626367995679054190911 
7479842516763145446355035778211640506980589069339204131244842965498816666873 
258465162278585012435233123661106728005929573653489018168640814534488328778  
7706222765905546138439540615902969639158499831395783430749487459552724208291 
4869549744574528042852005258220970203878728166794962220541056295173337919298 
4915259206501912364871550486638235478666856729995023704034063796330833862458 
4227139995006061256316491677696741615154846209225581773704706829993591463838 
2296638859333461560104305139658802988431513120101034461931646705990078295291 
5005279585189452848798489325000449640684444614120900994688766508828243555825 
3740653039858837155315211470427671465451839786700997293458518098389068663858 
3112582150836838954679477371628616056109685215732544139984755353029254954789 
4992003343735371955369823227674336237333123044303948717324534363856274738199 
6490074962152115070470421243439516528858329530882847414353749160212633153148 
6615362825106629377347854733297808996117625996177384548320634822415714631411 
6474516255163649874526241069909546154414112779373347556334834926042501148233 
6930758958049264947494819299566466039182591340816963632814978034757668144636 
5600019335064291223612766685626714347305842161764269219419935324947499443180 
2975615933725059951765231299498512522358350856928442982774123536785368201329 
7281043308880492363571078598098695359298937403366614721883196120889054152615 
4920992144946154004876070074562659231905012377982260564987386851550526135011 
2178821485857543777677703513409152608532046370698968733402545952006296764745 
4796186511915973093525806285384951155827400100273331876121508623176546118790 
6428824175762705639986306000908327115221893695602953115524394870733328334753 
8250398735494296563020441412153707862754707496874050772371880748464760895061 
4360118702464265946930983531565664276410008888052000132172720264971660322168 
4236092569447362717482229375836666690448390706090567875364108748229903862846 
5455584772933758361254895324499952652713123745759265820453910023696230291432 
7534207073693449637891874748501880431754698634801816243510361539252275381838 
7864319416415359533676102296871199405241639970310657304247763635442116738611 
242281775993037385659590904734974307926470037170349950704207128385622022791  
2768768601131124872033045115296249235545625081461467985970542297760940881814 
2038267679408857628843241610399776078163421151067037909218144425426358756230 
902956829174981942203830560569582638003679311043703035899990805024171079640  
5007565271458565683351076789422534532385533816158128421647672040961026342712 
2419906347230909420397056827268281739168685504789724623719118745993468484311 
1085509694991761903009354497829206383532985958226418754102030831417289204554 
2490634814438125061206349963942930182596108234620720687665723597397701228491 
1982732257592484785623359595108618035550350227059256093929610794743976961899 
7717950162519320083897205625875465687523254314719860495052735678572742083812 
7991832330190325029516506283084312442739398602614491527387078158650027833602 
596849940931810351641086578338270924151772016965464928028327516726516170349  
8034912314947722660345209728763941641055738734762182173160604207945962367088 
3807894307967682216155844129132342417498700684958069968915352129814795603642 
2400290108494237878473705498253298782274686249301580541725533271004843866534 
3192883928993275736150128517191589988099185070488608311882569208630689880735 
2737682391966581358160355839202792482714123141761196797858782573433849150877 
582571661017056658955795198935700297511257766563263820802065113767167413086  
3934136163377165363730733007037181735355380084677674596646417519245931718770 
4110462753143044963030502504575821172526577683281762971653856918518345867705 
1912486250904842529457724774629329777717929806319883120561156316209262119367 
7102702679315950902212356947814548492049112850332969055346390050521263444130 
1153104258494787169692394583857121669494667257727826486496337357859689980509 
2274552129287386123686081141365327411865615825520703126621056985283357504044 
8338561116225857464004163169763481499597030159476991173442596824961504674867 
7731305062737017238730130110811310996591754724844864460491206154760733735341 
2780729179718500886444375872246874884619754896786806360193820777643765687181 
862583709773410096232224408391450520267560652967595605154675365624332264894  
1252330146035998369065473139149624990539419684375973271440883602097505821281 
5048552181594569896739373613877296066532965774121294375888012561579824342839 
3135215125922917215027707439494576127811137475608564969936514445124693689866 
6182703128177011164060723430333281807623362224849003785836188966960334134644 
314934961149137442016892547349808252175598364115153677624814886719625929361  
3457483354967436654664018178324853399065284993211655071341423714413719816674 
4778505071421377829344359757782926160504066955467387351843400505648270616145 
6426379050218667129902327985184446658274884919833469146753882239201762093008 
4632432282542036124113278710848651542091714113091554094317772006795265698301 
1019573946813079586200509850871607519465551640406402308895682282234640311833 
976053401549513666413606718221042902276573858947899631755537737363550325680  
7633348354553527585566381869468455015419778811826162095868666545867987299131 
4676415691985515905074225351053331880687693303501314685163578617603826033305 
1436708104245311491415824236330658137124472288281537200974597873224238573495 
6633718025607513441278409064441181926368264540297308053074992924229124217468 
5876703134491002596897522223700780086262301467981373878708775462909879077781 
3557957857003287969050015969820081117648292092149015824972083493063004473061 
6120088583529197379412175915190271819867795671669944697636877788936935944652 
1959552680778084539094012678807848615002437381156135151190843211125750745447 
7848866786051187279350964426800676138069171960467587555900047139756009315985 
2311864961390710713824756722905491944124928962602295134026899379077385046826 
2702164852305459906702361994033013355476517286608590438533244359632145626064 
106530005422650581718898579449959013558498242423351808651898244878767083724  
2246957734258892614874462287219191793782317291032679551710779976391055894836 
7159334793093559915661867101938273779062032330137951443983843530641636665666 
2951062652146544097816631160884238326143191318027876237107396529235618147323 
3265442692232838355697983080296023762871907259968965562672599878869336309842 
5940324473180644102381716051565242797612158083942859969906096021127684798745 
1069576472238620354805984945638214664266659243213611948458869661167800380024 
2435562734695043678411211190503330652769700897987045808833509538425070256495 
6312544007505030313970233500959498192596079034151580431503338351731544857471 
6632882350353679508755199998513798244130720584209811684067206951666599463066 
117366091113691484531972085367144113578419110548707541520274084239968234303  
2334275305058741650263280764565951690248225385633233201107062843026389892184 
6269268692266564930767612801234375146822630664656997218532636675921053179991 
4514459045450990618013904246691696983392723997172649132583592472316499469428 
6611729415599754216367416064466639652613966100245103665353824169922272165174 
572312316965870845303006417647650827837568429522011739244381648981064884893  
97716644703806837978392793090305267044073134974042995129097403424901552662   
6807619518340514233601006142715872888308556523274131526682808330670946824854 
1222371847242033981547272954286745737350689184485151929317110136293268497724 
7443957374092337904586668127378249358503226256134605619157686095665931785211 
2005506977742660741924514968282249907486229717051019726196482253400464887745 
110320074212347137921348945866908392070349944755567728261980113092841908261  
4158652004529235856470842968593105947341125495887952054746703305128529228747 
4453096253938804556401500639771350845873412788029356419262410491200927604740 
2532346837489998591507541223831438483574051093378282336018725668444656873219 
3621295812239164969749151071383171993283988109035876288182707672253922131861 
6703326378293276766863458004270563827766816287597133631308724809341990745824 
3286992481790021017813396126515425766688488112411615298745870742722753744329 
954305691025810079497974834466333327030006808519482665378190997538863133449  
6572384921207784452999620271379672639545583084827805289585386602651372196314 
1902002255534319077413572184831413348523070473391536950349297185635054688339 
3926381490023076762085392279164937310564444913763236473523259309517680721023 
7496537523637402421990126566026977810386354104930233263188695301648446465824 
4119040535528673435725617989837486209122355496130878894992557937889915985032 
276952259889453878053159971544411347673571927867687937565408108995105872062  
1041114233469427757175685612871398002623601672303265430878080482796778001539 
5263376237071117547379170884491755281601060244028514943020333509688486250267 
2844105506131442105196532765052866315767038003154034997622781271867472063198 
5819400362387991019805987560586310600374602295732866498646559985847787629211 
492018905271295995077529947840433180962149797876774012477394451150578202113  
2390487229530692596951671988037008785662844142478762150992028081237022175192 
4307173459407662382040495297824682433917304295471617284258546203576538025091 
5723483364764293848523082025445730484131054894486695575616357710702003851001 
2413490758094355562963477483797761988684020051603859628159714316734641851048 
4137491393350453279930903109512915560743329119262204695701606587362079083236 


