2204662042624091946242497476583881364078081899192253257555670568450074315326 
2488833392181327335603686618403172217940793313723281563986810694488817494221 
1215146932677855570404808979065605292380364517278384270132305185919284721559 
5166418423262651092891207319315964495476428388170144373428966398449332379041 
1044118415553616135895165365479313048317261368357418417475641862286669430546 
4720179993382876929134709039799209291621371926498797814020357623097501593679 
6328194148424559444450117871699137171503319351830906483650276792828129832551 
7833093538960770455653557957953165662559365020680334241841066152999981905459 
2884874683294068228628094338954879537255737110868959531234657734815334530601 
4402213667372898444014889961201277054145311369539238785086194131837150960672 
29969050343693234224772925813661895762273867104440233596258401942883606142   
5767233426044477567845356734246551093501055641079847854002865633174049231202 
7422491422203365079026173935408393668586140400346006986636829073532082020071 
8406116231495807240107713994262606713040981429393124506297610677669705604533 
3095750261531405647183708933931152985411800961873002729761532243890882726036 
2902017676609425667536796696079998558146730818800861699460317993847058350191 
7309677402221074681188814205594095869425606917230908094669662083685391027573 
2467622456798624144806394575327346621108721219574249310174591221548771050355 
5410322592291583198845909344638347411743284273713659762894975104196548796621 
3836596816499824264567993554342632869892277292446476589019393933913131249915 
321086239603319866406186736177053170019651626705326681941071549996779591495  
8135534770452164849801496352420685850893374093539827365329917742155973321870 
7282756952702624716824505614429418644827287429940540140570745605507486891704 
6512993564877062157034990377243582706730544175635797618442449318171909500522 
1894178112630739913549344372964497981446323091692565504766481887171290162976 
5903680736433573331547446056373269071354142144734253988191568805258618596047 
6621254615826279990396126681338609314794921474983187943152573446995500823249 
3258337566105013739337215067523120092522926503883094147379898454520510662110 
3990442534047479203533267719004534912464011660273571008726152069975980871592 
579527528867344524195645512328583054736955236549464268822470001151040790627  
7322243897183156600127423316236457764894457623021377738204178585725380934199 
7586562657363173411604195086817607596559219282797827211924312313238992791783 
4466703247785121795146577595726717375557147387721845019383789726871520134350 
82085558235299797210425885796906517933286638956216127666223334198470609937   
256915423505254890179213692491606569113059464970694748360131763279929030398  
6134606883649171114063681287982415499611118383159421387668293222623098772771 
8061883369704559259072011507370805177675825984784650402746056926378320726896 
4945553023799034908665971319688332485630833525660279819243160882465848534794 
2951679303884109290840318348797720794767586810347535622105460852061260475207 
7009444041558083212522977767942581977006769605205742163310269650950789449349 
5422688595775854225852134247306598214459800466682560228645027928888562671490 
864221490661246817975897202490969041348975567458798762649412650145080138954  
519692862872382478406894658976973312946894689981399879226145669736293035490  
5897335783181924823672629864483896507128936539638060336186769483289714770900 
3644271944575036876981039032655051380413152467852697877424544910069805528409 
2037866323517640553836677592677707173244307828502153207534943125957800897170 
44838676179253890210488968808316881042764352280431857596303757517610126441   
1268057709340707155824635963670191635771323670082628168209363803166398790856 
4976484613704309537921510197064809240448158829573612201889685072938243412742 
489725855852642812150722354851074145803161539666941489475567830958576557089  
4128759864601270104535535580510599582603498399130821202476385528830567781647 
5344900162049060442052995083462725570975887027591606510384507076604136303939 
8316035668310658542002604288463537384807025774504186183505691275868944254816 
1046908608461007793726318171438671503146338836715138234056169958454822656047 
5901669716456123723790514694490699196934428702457503371630442132795070581966 
486501268462695669830434339824156133919265533642038672291785410622020998998  
5601424841008221948680111462259230756653145322106101291276247502152375593804 
8097804912322359133439489296721969650336352349641622561725107050519377897883 
7045042752202890322018151982490879819068322545971322159375149065878720795293 
6522682514849834379549300556426207150217849690998905891258437188955187874328 
7833206743768173889992436961945358070420339392052039987942080914294360513575 
8181843116601503679815326645927193762808007452607149955297870357333375390936 
1583253329679529703828168430252486680405546588257739035079693540215058517347 
2212051445231946291577280466240634846281434751142773131363152361372499269785 
1366857858851599529477895627137905878417881133019689499390877739389960089004 
4116047825346312659965739582311749565366222739414030596810091440455352573588 
4271863454148152061665012090032435160195434152381296405795607190829655514996 
7950269458606625139635228066259225502441289604200749277774611577373808368186 
8097927989569179410637586851988878312961035767670778327998534737489119302727 
6227414850356280233020107810565417869104292401425907644911630973912986075857 
7737176487231178175321322576654267574352126008122057911679644841820273388926 
6362289544724329875182292868623936551605448345673990959580746258555287051799 
1350941168534922727519589748229434323329279628554021451534974274804851356348 
7481582750748932826422749288412286492723732514095021395185480181740200938535 
5533742124519011630421767755211345136538826057055052419438795465994619966331 
5907539132399414366015080455169970548311428566955051281114136234080761189190 
4685104277745257814312275331071431527141593326156258559578350454908504775574 
1697579804761396025237239213642226039120838604109106318591089389107173373880 
1776397437552757554970600762716725507764718296477923369877469616943387911780 
4981252431543328118967888816007320716125648932370654867517577754826125463914 
5181105035935558229188694997355326879187735663436300767908442568921809032882 
909241506389531067850750274109694866022573146099582983934727900438503106719  
5651554317227339214275224571801780792081231092736096942704099689914566778822 
3926620328995190273203142283939708550360746571541564370483308931496695482027 
1929055867782749074240782179484669935769584256344292872012765156579759137454 
4531597950826312361730799018836247496876342401618498338858708894828638418173 
3426486707157557056881987188907049337378246353590725613217302119527017610092 
5100794202550013971344159760458122806853537787344284841329569481285529864742 
1121225827621451653559493120219969049932478626578861285212637144465100223003 
6692387447339595128537800685299853326460607697169691748438943086903638493033 
6530163470128713951951206536460957591821214294808056543313819956958824352305 
6786212245678040624268663292556945647273191752205046165378814350459919301723 
306069222581114411690194838164783446623292351090442080470377345528632808064  
8113556389784978478797018887665829578028735195037827994857439549667666201412 
560995384760636101724226585523845392829112286980870381486421691883179839246  
3320785489348323056087876272814253589565276276098885838323523171411938861298 
1862229560750616763988523582241782535569791400108785529906763926652328232696 
3214077032691745301243266670982802729208440353322161299499791233347047045586 
6800913692118437349359539260427611925847386544468257269771699583075239953448 
3763634501257715155032610919570314970936402399809870738422747945934186423783 
4927161160554536369346202119113361343200065754399475511137986874485215445026 
2821739584045155249329728579380667747134564467045322541659404065875221935601 
7135783448688900421138301887206598786994871390467835272948768452122847436201 
3243153474348764331386176495582401233517996846881281542699691622118649194490 
5041357454631907186896963740163171152616918128475787624757207616311077899091 
6942317359464389993479751840265240654817219643286259690257553200724740429838 
2570680629936755395442849017732437395946499359884540984182947646393106798758 
5795579722588801440418569768095650294286606607460160909756136488693907830369 
3711144345671001113974966487829259670919538226778808081467192177064458976288 
6923900025330865358135747636023399404056444237463037710016804194120412919398 
5104450159858288186639085645464253911164060789956389796101747990198831107206 
1388472064510033121353781801687446977523317406997568326770516903622896167613 
926007654258199520649736599384108399403274449175699944457052735663576747837  
4146682134612869639502382393340550640862862847533500235409526276783619946575 
5114073666778366135102074503530640878708698542904186039641111885558935541474 
4664606246607073996033282079623904445529936497497963906136968775017971426418 
6305939399905977632021323499005476196008225919775499399823194937382205356323 
1923128446013055254937501472847915741643254916157645827788066108452477557681 
4466104322923891798949340588292612889606531637561500473519577887156115248537 
6456962031600525001046121068384096116707872955749029633176894886160292850180 
3091717608472120827916672561027693808430979807525550656216931354722739136444 
8288936557740162860191925257051755255310914081335840383350037928473286869114 
4283539325983841080225720671413412767539103594815537046056655999786740247589 
5671879071321289722814132659947061911912822729257910517891326457303042205461 
6321875533501652216313405736469925216513060973261629380738054849931056960965 
7834421067218546950822506429174526990902316440153803715316560942587788810342 
5413448293395649054338946307017392657057408888850404761608345378277854592553 
8249859654040246273584690384329671767292271794655523727931720986475353030946 
6452934248261037567490588946481077714237780119238710065796452523885426633291 
6331692554988731827438941263346302172773767323297040617484397527489052201036 
1142391148363682351703191598185128300537015268084306349107314704096947428336 
4947078478074499462485141512637433205906190310565086004942306479878059862165 
3345910256589223387365578891209753993343965024291371281304966356265676979518 
3298431427051997111977658106326357746633647604688873635120277920999898995333 
8142860238826226702508182972197202241207315241353858085023596377225778107664 
2269984892995293537500021918980298085111806938446268109504789636669299379169 
5190202958751237802030270289471934798009763999858375476595978372160991944376 
5598242634897556157804963985202256272609019609895515834353965319897035987515 
3996014101069893563431229721200843335328861546828456749937029848317565330449 
7617993221210302455285074719830063583547999996017063919516850861871429907414 
2608731552081054841577368743680326987657783034220372053598384748411480506116 
533888613742349043092038014157576298640470116319647526967154625594271299907  
1182189903885337268968721097877457474058363214188757232143183240752768736641 
6695092237392319774884535475525929468143072174523928953983528600733255790981 
8402560827647038740597673969252039788044948769545207839139818470936787781010 
6564324109348408591118492847547872579207182590540091454293548516536961926730 
1100269095590466030810705646769341454484128766514328394643159619390818835585 
6635947760576771205487300724764907978345711412311771096193984237463982320665 
4358922562839965556155512866720489074458845681002240172384328419749610258038 
2917508821865121780965971105519922950071372922556883631550960403135969761246 
1958682247179830203444639299877404493855715654440522967114049366753892009613 
369805740148104701758316435897631503298780836109491442855561906332054077448  
8002093844832816708620821931479983339441423234232294767822661376374094853437 
6782861028578469762743033910896665742235806928610965698921887018880821549566 
2770171944833321836260340619025191628463306775875260996713979041991167783189 
7398075407773333922395355295322958553181631234629001256093591470989590731740 
736029897431845858875101465257496201676566616320194637699886694804709518426  
5257048626451638037038794889451210295506024256133844235339462210183700888917 
4438637101844493174798532440723642314735613511320688833459753932911118182594 
5982883204497481017844666322378465732261926027199700111763772697571854367239 
4912153108729068702647719087999885371074230328972015155068703726841868626064 
8007116451175873307898007297755991819703837194121541510413557964125566610044 
6260401816216607625129385489293916321435787324089486338331053052270138128555 
4631787606170815448055542182148982769684619609154233726100446140247593891908 
1952366540708574908990864906812711768963027583289076536189975022914508360345 
1567956817495266191493401454971215167254303355351432430206901312987293427618 
4110499701747327925636804844435820939369865928391998803693664835761237204429 
4414722957605215708807470538502771040725888150693488112428545494126232775716 
5322602718439360612475349830598192610261292777879821242062936224132568663765 
2800671783819967586328437570450246374224124643691531425123990730671281040746 
5005103773255006945892255576927424278799680688794678879970089663082312948773 
4332037810827580807285969970861703623168408770070608211867632432440121585996 
3923156898749319871684745708861494286077686497666686654523645180369325792968 
3001162636683455616764029240545620296049443590671437594429617629040687911877 
1022056049209071147676151100876548881257192652217759000252886326676527988619 
5531831248530290506626616927707854616028336160989697883741915904369586603860 
1764806024982534091247708720558927626558488162102647587674202419021729190765 
2549732998701128533293307198339697768322124867998209937787993684877608864065 
1888145366990171865554919532658993193817802108016561082721840992089596217133 
6037209968622377396934095335175735039663101145195522365278540784423721071541 
1358309536021544229178386332588419237762083278072485696412113287504416581356 
1011814783087805349112806155485068041722948144158729413151549161356402158868 
702426220285988512821780451988042104863383441365342906555628334298680826831  
7557574491190475430485562969383416892691178877963488558478294380875350068155 
6356116416187790452464458510367270422859304855276435170970665351060266885096 
1400304191737267247684904009558100211754500503013463126063845298507162816969 
1292695510325618450559317415097573537299562454718540480626857961163056487932 
5472739345086482256643253679132345497763026256468881061519226215936697949422 
1337488801919518586400675451339790260819391054346375772219373429134980564768 
5143686615773575229147865108503592023823351221139351904322353101960304650553 
6826752565551222497680018500539753267564136589998917532753661405341685596159 
7524042819715036681302252856553436846786564603671713649722664574536647284528 
8444308007751486677334885466358641466341845870992453080462825662640873893181 
7634108252440610118554868286676910595218909224844610292320990810702819732283 
1862052431542414147386652004631210734968770302206851931450336706904285692875 
2673522572464091258855959839368790016581942233945008086133370236294077098415 
5748187871034090047810896945129072343168223973670097735644578784744208622168 
6216585348511422173246675815115376779500601016170443334093305842043878341400 
5038540848562368130142169049879701807116322703672164526651718994332871247607 
2037597468513458145668335626388614554995292192588469356734343079118821755395 
1644321684065256263294887504922954951481526455121174804620018287297585835855 
2267203900987319464723516570888849616021683550206254669903638330543425676498 
1941706831792859172787964174303497805874639326799602208027581516967029771828 
8240074431972291403569550249599386918572187421917869616460147986286008080059 
8264509402847842131127547288771220670981294150379378953718381435005325580093 
8218066832295428871205268911472708201363732883337883065705495113513359932917 
3782941893398514557076264365662866400332661337843433155142553209479462787634 
5659760359010964979351093143187223241860772761662683480880728710597514243413 
3451751076884981092502018695667709767417762516753568110759594250168491586579 
5744110983111217959611745271124416211101520827546193778072611325518309565578 
2386711189859815395085233601050768976283321442860165650437653215997038806365 
5501146531327967944057862453086801586387532096634663200134105592380436133803 
7089807162537839180176520850295706632111144674699631870684383171915932217372 
973288314465111020477392501130771545772902733521528674461582239183050256529  
7595906771428164311240213388919383536857840915927623148450462090485699705942 
4166896967658764917896337188915863435827276228869430104975139614745253646808 
3318330476500032679169715552488496902402635814112663481892649663583553918780 
4418593671248229848072993544381363161773724146992730632824753772375682626836 
6196204008748331909674161102533364480284307165730418641175516177553387285604 
2653963381951620089379769442458900152507172825712118045562199990873470390298 
4955473591560544131611176220943365000257590939706095504249179479463510478901 
389277812830034054772533201740445753930339445690951366846989771519834165829  
4082704393520689223971326898631065640021966572916385241487486543613367838832 
2133274544762320008304556124003134212107838991548834934138115183160448560710 
1049762823441859684972193284703945298705662111469178618841247159640571566418 
6558687619413264174348976952717044749532502185702304818810031620592084940105 
4017967847532051444759508763920762181975059735064082447927452341662377883148 
7305105475947465442855436772037395435062771099255545555531034863978035297357 
8010169584435961466382216422149553804760038893131419293404886501771509024383 
5096447687661979853085750626219627094957268809234082735916758652129519724371 
3958197751858444170017032177822320832923886838796781002819719372782046029665 
7798281704480379655290252763145201762576632314381332734673813464657348890925 
2548840356106839478201319972234834575724321171809690393227943515064598550601 
2591387153045072142509861982554965769218330969805856938915986847888301792192 
7016723294002121066649179474001168852779153097534074277773125028461102397399 
7339811740863496359882729895265796839497651602952033090223580384346025283591 
8148458964223007311020055072253656848431861468259880379307095572544660035390 
6539933602074533640550838098711461482964620327962620486743397610469275464100 
180174191949237561845251885575263548468037833223477128333980755598135696600  
1575508738993226174090465248029188053272572745422765976309181784082759379743 
1742008189335898384709472659410888528474841774648116428372331834225512711435 
702338213887139528119427554494468344491076203263421699728764891783401673006  
5137413919236230042889026485821395773622917332009450651279586075085839341869 
6225511995654776412633111041545181600577882520242051284781849771687610208634 
254821322260990023778602739445317693483398985537502393212066742822069677627  
2926587110700857886631660252964159956243598506633937483967189952668464377866 
2490954911577717465146248585436081720778048102238901822741017754012781123652 
2353086541637782907633026717633080154250598026248600670783861159374565419716 
3206717253307443864132185867248678696444476180957476556403396795917676120964 
4051953561867206660490078591713584864564611525939059445243930267407097820783 
1459779217598724530395430189695321508943676643347784588661054223555699826936 
635060171047865151906952116734566827676290670605125356640748085256342175552  
14272108214418294927347089570977429838485694814181139668152071403889442536   
2224397116251104060554429895038050139710941379099553504775631346828178509714 
4800919563968975183778336143533695957408064818377314761844509888841597269673 
5511866989740962922085685785872720214217866861309742179263849232564658030424 
4470634047878858588564476603829154404190433303854231836872027313149002036143 
4539386141660068187709677847254960605458078211053997135005319278853755658020 
2351269697869330342435020745158889164858126446554429924416354375378547504826 
8106906129192995688683051914868805608068171338085196695168016361336856961501 
2068640594472765619519411867183970991213457092832626140320198845348649035996 
6139784054439000633582527444878223786059138830671173234559863491422941424307 
3350382901731622432073345691230914419834950235253551778551125707862896092151 
6275156995770148666728208120767910076767829106687488780388023640591093590742 
5570990443684186152977283592213591761482684287429211943125597253610373782983 
5110954354150782886118192580460398620913620571879470447977356400878983527708 
1042616720478230754137087200758452107978963645541725063053975162792856493268 
1075445150361638463141262615658563922869457913397689008414066283096256316332 
7254565038619103488541335428402877330700707901090309002809554137741961682693 
5784297282409382509853890936381323576616310923416626099119192614801805311671 
514933819396553871382738524622115755929535406000584132326599559275623684843  
5576469059851869410810183249676275755449316516905243194208446554832004604966 
5426556710940167109775025113643941433563010324746540945438280399499994108067 
3062338738495664615789853279355569794924418701087939742498799153434187418321 
6519795418622627331742869712538242993095095236388982605216365314130918370849 
5984266677419100917696282869903711774492435459781425970182395912176733803966 
1155024402581021243267868914116661482851535269358244118634611581388736040915 
2616379387871680222553612787413086128568781662186643736654400179898117314082 
7598329814906250510875649172424780440776008748858942510060421747149922938866 
5243793157147604652286292718108701354945476925293877607377920983385520616360 
1179418013135266536612477690193635946073161912068436255274831989440982242000 
940788992060250306000728683357357362014882451204743983090863827265924470343  
3057273234365304061571090321940715701799358612836358344415406511732520493087 
1694504830468201822884796514266944152092682964638374215449065493410878981594 
7962182793640705952500798926031006640761866251267977718542294121874333348101 
4537588127090720151779461983441853410991661955534340960158422858914942966723 
4939893737363612345081165381610382022143026606036891002879778013816078314126 
5063399946668956355500575528344706900636756615640441204670176314022388271861 
6261121124471106262262906589530052720507627769787816194408292419107841309983 
7880316082274086209594006804614548376117336591649597955855197064341832895934 
3131135614617638171591586044385327258983204903516210938134160132539102144730 
483423431627194110756870901253096326132420634205583246841051384609317079786  
5994789631188121680038182336271312499882379135431899362555633061902467236518 
5925667677075453243678827018959503996318099322546110072843890310477873401763 
4326428805969703465102171208441972270789879249059621682685571339037006133814 
627486710886052864973193580903637385953309619197998952598371889763789062048  
563674342841699300623701342251437874686347970799001715444347695873343953905  
7947297837462041834254764438327497585537211691186493151014162377157816545900 
5576146369284114324012888427217798494780234335260177062747261271463449436474 
6801085800466166847853948921757923174943063652640824094771530333918515298252 
7219260042092039160479769197017642675529777048821432828985388777000936896944 
7190362672471221239076746370322724211074136124760640730437828968682623622760 
7897721982511305525653661060765680517500181690058114278839091800168158966701 
5752214830849287769649405351054643220036498096882175742144544607836428171619 
4369354171182683773337799949031311017513916228968134505759454415823096121850 
8171230431609064666240399301044535906283561985864613954912828960523117361639 
7498766754205798735539751672848637701618026232850667624452423403080985414585 
7377384653179888723222014245498412684446256073100483680939360836745866005818 
2724261665176992762168630279013287570269440543413565595224630641239284834507 
4280716206164669852773355222087109866738373685732781910857819904602555799902 
7820996211434578534408984054700952264057210401357680283366836492747671573158 
1562715766046854719384268335555392509363641745180617275017332599775003676873 
1403259443840408850039191635563487495518062030856413747304583852807995779483 
4528765100264270010359208295590397447416852643892592583593015117267480271323 
5172574973801683044557663171648600434830768687206115228154563864265978427125 
4316521887180965817933004220098749518330167131528672366949720363217125409379 
1281010999106520185003404729450972807340557739667841978276435539818617111093 
2909869610485808104019813994563819654045230832952477822843113102316707430420 
2260805645077589677234635785752444327284128190632440722324721016081319826853 
5182428141681996386341991314696446341092179938224902637447369702036938126515 
5973272341749298846216759485702473598033618667855852730673257922351097420925 
8214144882014469900904912550690717538465558730561231439417681379146924184182 
318693870622095979015247761423438964939690009363909581156571561085972778390  
2576106560853812872745961193695955165307691486730348122328701348346135430169 
7678090289363674227812465562873438961557946020044559463242977353583207253129 
7307541196066075821413866021974950360671350737391923278249226416388542282317 
3700816761736789122457501074358344859717222670743828688438059191197213287145 
3579122595392578173412105120391675448838850180772475015280615139861332394547 
2832245394158002353056378205930154926292956977840363058952795394703360139443 
7475005731410311828026752138736555101743485568078076565784619893929984475392 
4533819711994272291973105789871246131407263433462867620749315920496396619005 
3609389911659235771253318584940812031501143519560445031402251819033768784895 
3356565643837262427772249347875275945626724825727444732458337813982736678859 
646979275148343137636567503933677042257766526564555061778056730407540769362  
4331273222542336402895876292312520424277248962185734421180644725787579970992 
1516546476768316651151842094461650539816719465493443219062471528344258133033 
3885703026120152932363970244032016253414216257343299897093421657875034180502 
5354638330102183034003675772146511458808801716242733755693835442911166263708 
7727215537072271925333968072781865162772807202518189518640872949032470956854 
6438968253106088752768468537246092912989178450356081705459699276767769589865 
682186297268403722794543323544897972370529168672716533056888253913072782870  
7362449779810415408644063499343492609187314298780554583498690173971879236242 
7483119138444279211471446474862351135000877151656365870007314246090297650010 
6918439483268739259414562029794648146104436585895818986674174980055937704596 
5694536670893925505492372486067551962367578403211711261455176546972530608850 
3650485391482321121345855359521242236301188461769324799786043370929420166542 
756830988012837523077437191726725122070137319284141700126714110742972334919  
1281576686313897391687431152636766391252789323536583122738626461416859862783 
7158635472229034923627301406849087135545518839298843648210082476315018921614 
7215603092782178533201389582549215027023858778803555777208820537012469947268 
6411219119134852461915038319197270083305623258013700550400084182968598543496 
971288483310702988399907593344891433494432244898537834215366749904503265266  
2866137923453850869343204052289691879326087077025558540018531256316240427419 
3803782557472675006156342892173641649778458369194062066892517782622286680674 
3741441316143639241690522343882685482892008414275126726889512079290921651312 
4475607421421368820555394254242619827727812002360755881066507386212428976260 
160671158613569458058648263553183265675144365937246762981008275375848760052  
3322281460081609732381859275382310439056620412533656430981376606010677429972 
3379662171498147544242618712043998787610848826298806792907223366574449994823 
6999271825308355938806933132958677776377949575676810946418659119672095020472 
1364519893859800568640659524365552203097515553731693435129993832405480801574 
4213844760727057044231887743339125838455408367590194327576031300784274864744 
3989068118316012698338803855332902904695815130792792724904001037402636066920 
8287190965902654022452560488696606118260076952016409693632131719795400479561 
3957964239751932627185290213882611671851229442836758114135509697271185216343 
553151584269287047733596353900264019972763849594148746871842468502563384955  
3157523371407524396448184315590852220083625546886434582341274935752747617181 
6993742877678532691852585529288612369234220079113112551231165827527871298077 
6421662707920564456239006838448869807014550093486273170935313886064930148155 
5574052846935074415609276258637616112522798729138239183405927899128291029880 
6489283052963950587294951996616121117046129204268289903098868449850916657225 
1738778234573313085450791953959441189715609499606844939483778259114054267721 
7459466817418280040045135801327917740999360059102187079637025022111267830704 
3258665936336188879444454037641225725951714005890158506491548942185622659357 
4247652672849649453606244980976472674066995016433736782692688672441621630539 
13886623568512872433041443130623140893140269324636626827672992209936841317   
3439269302627817346909342483039659552275956932704822958361258818976459045532 
1489247586962425917430870911626193928041960626664949527729826349281280369187 
7887995741021024699590681581373577360289531485295941839736167017275219852008 
699992411864811621296275429002161373515197987649871377368343138718586989868  
872409943297187210784092223471659033634493852179324294238220566548284225295  
388692413834002069931176207358763455276626851322960067552210188355909900027  
7530712109738861069615596195120235240141693936298714125527144201262468616026 
6138517467591281628057923815765731383125374216317318375186082144681137742118 
6860845601586227284297750240641332319083080082944895770400817729511624412039 
5110839782405989015775980869953039575638467820443440559931779097727887597477 
2055268103181866164201624994707368975125871875092570619006173164981665793405 
3641812031074630774941830333821534629248348641519896571235151269728798127150 
4492597281187982842931829643029705257441932704896073267098853039122568633221 
8298957059799262247122791563718320433617963135842970229927672699772317773090 
6404691379697832663933126568274824722895947915290629450349366674048897655194 
2623099309602929054882623558430133142686386488603205056000508007921387948048 
7055945162327834405559393079922784540885756548766213805492433509280371435856 
2665577129918357901541065822400529919704640843422817934635593308035154363164 
8391886731290818537683618783995635887775215141370674674032009407578415660282 
537245261867786416327036296714941027336858275039207410432448079469472769598  
2905804586491744760331926979601429419548445070061041843715919852399711066076 
8144716876367105142544027451340938156807208759190349448978367677485772087219 
6687940541681920864791489889108317808070796837985703867045329876340353739448 
1876195129693204380811507390672858631988814896367373680534044659992796575686 
6617783653285801449197600554901104879787358748217197641013465783829718735183 
3457445525589361809541847734522555553991703769409558028509580202768173816928 
7989365790609818646356628462642894146192124350445011005389594626472223807981 
5631761395401615440732794099062376303270324436540776081668342440399204579703 
6768676976077807306729201995472527032669590636421217332495772152050204919779 
3160995252967750990948409191092713883912647567609780662979919126624156797207 
5205529316399676290059057023383894888808252993048977682527866780815806199115 
2571259224033210395712960908803798423433392098367436135958602271709508215819 
6548113605351272566339522607451235856160082768220025908727988879225198452494 
2862488651078496098634871082285306702887254626355589703138844629976333260190 
1184459352903956127681684278374710572802455631658342713518765864463796625204 
4833600718973823691304551353774461231621080666627159901950526019611088259056 
1979767635276361510862319586220080874125071458104595265776260740165210092266 
6503917214901070243364623049690227127944369892217044131236285583779001548134 
5739691056170728871032328268493697883817072782770288919261747931626147075037 
910363458890854857886531252904725293875550596583290325641852378178110392485  
7432191313830382297433425620501071287249893777682852731748633333143046155013 
6763289522692925985569723941186565646003587401714005925637828859860653207444 
1900142669241700340331936286729376436540554535931545898631569216639515049123 
4835576732542847505492850321824996239124557581865640239384621675383277624515 
5769885355193724745218673554773735411385963130064641059483446609218286748797 
6576583519063277358334062916319981799775579846049056262404068077201391410603 
1666372492254240383495376853096149835047633313974912850003947170850980175129 
1817870731001456763476215894155343194266146850327761095850769948796136220584 
577568322095681097157416299130443173262890974191967137771179499852763773020  
1001709083006727659310055262384221537055660191145323246872885356388331964634 
6632991812710630177511362156229423101309972809009961264877365209859636628946 
289360912296193808170299777444485805039640628280995714996149172457268613671  
7700084347274042168206051382929749868962406176526601462316934917611879203946 
6056024130423809709968949827991091932765084510572221535181856845718971226690 
1655323728478963745660870222452685225850395510740749701615744026481308892643 
3481298557135688072930860331410811379336941729528239573975997096021101414956 
5105261919537210732892951869194610427590045009298906059497022872232985393843 
8432697482726464930515466421126244016027688184606595729962526203856244971390 
6090050332801091168002925511719575120399177331596703716544264217974859078145 
1145568034569468910663731814809422980425262100749910591072514776322697472216 
1367585741636262603653613335872290328903261033619656142554232970395422471961 
4576883721940771709517232181768257468258487219808129306316637327912006689378 
8146251822315862799761024402163273553868914801722296272535796657612132450048 
6245889768738627297781134623039286658242753598398035962449074008974529711389 
2397496007417203078996495140175058337440413143161981801713514526948975213447 
857850914968474529739037534505341723042967071716985480614197966777445486082  
1282496408049367257667730974340114065896486695465302557954276017708240910019 
1932489618935439937925600625639383122344938332607706871097843016571597104619 
4738222415800392294180540324945468968103552563424825804782725163088855894316 
1008137686404810560413066537611964218177289872246711769320381528031246617745 
7649458870781719162452169656206838505921004972078348318894519196724329544575 
7235606746751153842900443325573076369062681657988572920569817561333539287019 
6933198826467251890751015721648521085716072163380925032279456066883699988056 
2840913752528931836276020365928677767517240293996388292965047242479096276910 
1340204149725930287052905388239963406758601609839340688949875176731112609691 
7877435597822095666045421656453075506297202772004525845185044191305980801307 
6137789666391479701973486443266761911074160623526810436451456637156148472162 
6011135561637625547021309371565730966666500997613508036896464034226886424951 
4832375946355928798024643552487182140527611453256650590363308376888146097621 
2622448047706917377589210557683689381779801098227320533492575238403667407879 
8192836673790954058875155983792133089756281458679409038793560104096348974016 
4789986544014166474563079534101795270655036186539281962778602954500341298104 
1131212091738049126815129924375449907280960058192032532983326513196992105934 
5921886512866920571121117941265860104354972148456050732973521866313702532345 
6118109006133028493443085203610805256528217641775785160112609670939420210126 
3364221817555921487635618022451425921379386696728674240963801980432518865932 
4982804889771652062512065357666998303501210712310782944326305553629467053894 
456038032497613157956025119566826627155481359632892860384611743397463883966  
2003756957847728522985703895217893983306583460484791474885936204259809985539 
7006221659867104091499838786115797483517511314783709307990201934418049951267 
1977315255531427514585037913611591732626034584248057554776651436712084387667 
6728385520215825578434843688149542895702213779642313797543642702080152616585 
4205119764647720557547367707038697490589707517758754796233722182471994298040 
7556207893247129077412380550130863264926891802886434793694764493658088159836 
3312627606076961659106734274584383653461330281903335946383807818080907067148 
716063334914567304308672690630891933257531073438896911383494812947369052584  
7781090036026495443124273687483417636929804251142490248730053357364867534667 
2527444436557726916351201908863539064792543692987052744701030900021669109866 
4490489624829168557943776373402761721313676563129152224410684726466872299548 
8082434565272384694669654421892427363332900969046592329108458381086397301446 
3627755953194590778681222719734900284766619166993044939905629860832699376510 
6363459708277140928122071511667420281181824937630149225765712874804040604764 
4807395437836782674081351878575957052112802945687664593910103198904745333855 
7599848097876409108459666558588530256376000496272318288950083217316851927386 
2520022009726631377351148058261033880290321259604935834217421239995451618067 
7537677523504508528157032836477040834921674196947276573988059159928416292517 
2324700723018061083317180373161336194287803692889530992119875759664180705877 
5061032422190368432889010295649773839217773254442995039521659714587695999518 
7594642850554578740914126663805725462315272096534584024315904598188056350753 
3908547633354859669890454895658938406546588240853247357351385366605939005288 
3541790873175893301363899604509535650754399826571921412704852738935692363740 
6606077122937103442413206635892713625384364427122742811467304101896422810964 
7160677811544670959561714768502707009618146802366964339852035287584478184573 
6691376017970639909477360194901753231281797979705102520726449788042278824148 
7428072117231150748473011957992073273087471068303564844059047285589896056281 
6259754345027458199834712432407827709317694258334155411829809812962943214402 
5217408480230582566655457818515927060432381293464558981242147728334646017962 
4971106611047869532349733273408093005815708775895849287382982904195831438544 
2723972673729660555173148728017866122721557980446038035234584432464618797581 
6676200361579335788914973207320833356248339106018380865687534298119620125991 
3017830558819947129158450648673747269547225568154002055829596036783626585214 
6303783324779470586055067741522221476718621834387284374799156316890873019247 
2195670398488496726807828775904595747590481071018985836901284207444852104308 
710490048955032322402343101057309420242797826420597406361819020415300304122  
2441940128552593839620241840566052248479124231851763941040735675819099704152 
651327076146779102544584619585291620449427349500734657214890211970147967912  
3146703822782956827857660988520580415279202576252862937167021170539597949892 
1782871460136724913290492146617615669315235809418284294352344685758154056813 
6533979779312288363761042962944854760926160026483867226617790768909625222261 
3296404843602544694120388335867343955507829612042655092602306417688953133973 
730612545220280843712709249992875603390740462171925381648627834089771542694  
5920057769311136611210525012572985613952889465175715795036429437276992966974 
79094414959995294397251084863985838843284918924937278034028379466463553544   
8201179715039439996447011150301283975064765014603494691791858258065265948042 
6835343428164202399708477219270693898248106438095502036978143610905142850512 
7176995948853600781096175975308592990800173377519831019840948197079079774239 
5947551133764313109114940794019419532481683417301180887686634311600520387614 
5248605464907590752069288532810913338561514701726710545103630385308621574187 
7270772307075447647620791861325632904414486636977381134914051153708105163634 
1839080959120129823831296415080913883035222105938542588712555292591702623318 
2037694710352479384624388467785855091184862645172131214947442301207976375267 
2107510961508840106697829816757409982994427014574241442253782526574155708822 
4705341166453303391122362023503225790575181323327324477920131787377024085117 
6497818135074957870125113230959204681466160265356841299387972226732026136287 
5032520034698268041731266488068132837871830016267630765866359722444299858275 
7247108395662785182725724137479445706840540278517072109196757131148410217794 
4198345472342415945712689284832458761488161747511919307272271494079586742613 
2200176700455368994459344970161636504043209977220109075080781460893402407114 
3944371630853164995747285667160315045062315033320903288064213058653293373890 
4224744716085889355182777213094534326981507863778728197786033710453530818854 
6902558080646997964708956960707549050785471479889433367116229115410829342203 
5298522335874927897816981755673541766014774703962253908574882581684710492995 
1018446755715188363674697714583975353107257900599817935869488199086807866774 
7114036213891663858149943455904629456584199427106996719751356808496083086517 
4198232637798719496240306101751244914604693561904353903804522572314335827354 
193191072914131195903249464118479604132901481728406333752249683929416559758  
8294601004204705735946169283352162403760345952447655561218666177647925444554 
730417103834871916900277034320882136119915368364069617068178211853897316909  
5564401016087454437298318339472132606138638940745620894262706993538662160443 
6690517618971886270514188425954910165208550904252114996921569270388595992157 
1050037293068284498808940231748246536589811986236404842547716060458419256314 
5240826320273211744277662117532778602195337326266385142581220559149221961546 
229503209488667600886644516047342070007929453788777507027504126013301585635  
6424331397770894654834983142620498125507135834559852980657916304347271076662 
2277085310253284154745440701033247262418054842554415746498719481133956239684 
6051018111938092912580106923076682522632324605687315663936969345342912007155 
1690425961485656481817308332687206196172908291653007458380550631106264704386 
7858620102343539921744090575622662304200668296563265020334928415791351797451 
7247486233623188601389237927374480034097951809550749116196568156098122519258 
8380841616579352867256230266561959277022199448284145240584660649876975432476 
6727294871503113379606337083794174040553563613158809564621552679659448261518 
5606480599776921763696044584418027379891628043162876476043115401449186074473 
3816925777211537547864582427993458224953984912813056469216512220965472755059 
7072064768050946551300917557161174508938577754408203000793945716492046168773 
4170510388761081248585467268209454271689432545131014762975555792724161977469 
3001825752116615098874573242423149019947056312166464697792659664793296219483 
3552699408876657774590187407297367272549423333756437124365622029051660303571 
3325127679966276451252495148545180253851780960303775251159344808522964982340 
5814904220983987562134818005673931559105096661781517529825286662364279895058 
26061178511220225192044655629879387118573871410586286550094279604548068934   
4333596497364480157994203635149417560090932339678340594829533312806826814962 
1698145367523920876872417921062895501435190776265340076199810290925923518449 
869164831446772417228722376445471734190569425194716262462722389144793658594  
6821768707540807050205887326625169354844401086065724293125554313489527301421 
8210471194318245891803284911636896354949933818280916522583914672869068899312 
399223710376662990512289971488852488437659871264660111118466624556939054392  
1394401239061740147291122121356753699595718995266691242524738852896934532484 
3174757023016969259711617079162554652393877958910882145156895860623003132033 
6983990196112908812898632668975016322032837872412185737138243013990962687519 
58630172796535038439484928461413245940911200618804447284725506260122693634   
5510550103126677584140601744118292769909228051965952339373288041938806298380 
712905567115465901988490816554283535154707832694565590875639326224272663679  
5016649492855242083733827576862182605549451767221245581726666026588851036032 
6832138179073248889450462224964425938588923823430121881720136709813011875178 
2190581654292246895553841114190018935628216534575606393204942971781372438813 
658298696966903869707244135716189331184007470149736086013436132919334263425  
2923224764330710232487605194923043163245689049165062073424966797364032369603 
6598965322572276460242448765877489489071804384514396102436568542479352253161 
661813971976902128919844091665048706483645184428568231879432877261105728164  
618459236261540072102907816998968422833368023191200396414556688482863056206  
2397486959655114388957952504082154855598462064268265831882059650672628082328 
4592194457074895681790533753406476092418675228564315866018950068917269802834 
6642655594638811275570133385979811333692248975363619075002483438655067064515 
3521970178243739202700555508105966393803361047691822045152764486565464723691 
2909789950922838251622825175383686943894823536750031941992171792785179465687 
8372772043541139751833046388613703658395379251131348958592570143316367186813 
4177776169653787537552498987679499180162814683293985068595097671142400940842 
6881137442627080706240272268181321942571226980603123571388254870296954229709 
1799615167347555802709853618759559133105959586593762419412750355101283634090 
6368105626105458573394203258347277095213384201571131684286378764992360082055 
1485689745128909927815428936099482376523504059113586593970576366683727159109 
6803033343330977118229449539277364850572959030353082788631374659647714234247 
3867883537795016360958640810702596008734295246010936186351254770816603676261 
3722697520263597075473579606101831047783717815680497972093557985962018004659 
4129348922220056705601130154246819402541943042648759960314774517620538700907 
4157511575505698652660650894720906557215282377369409430982236839235155505263 
3321621445128919493995606695649462879522136585483689450215555804696149810339 
5189459913163653015888915316228387040333403290010397200869909790980090614711 
2308083187690329275986545686785818555248680304819000965342066678404315028782 
7563057670197781281428376249399294711812629505839361232550698866099627135776 
351026635608019514684601305022157380572320303859765312384939268480412167611  
2367267665499126346607141934652553495707285191131849487506453990238693179053 
921555365954452221680092489243485354018829064347858061835551935268959070133  
1473776634013839839940916937434361134024068330239380568406438463805644472421 
5625019323754400141287750854111539122571139632220797615731005541324550675322 
5606954926484341777516360491907269941072574916691229627492572843051617197988 
2379728893819898025210927144822407119261922018704224037487464506039938148866 
6155005576762902550978798345278071516111217311527030946882513261835979759996 
7751067887512572679338980558209378561974199634737049584537877404293863145369 
7167101603172371442950639273005631903882897348260205328762540150976020838166 
1151960992765371697098045618774335948669662180909590771465473115039398377286 
3749316841668297037313666105423783061433348491623661162986848517266914681116 
8381681323365758725670627204583670982699425721986483331381132744338747490171 
2883015967316548109549234757112788370447666584802607178229489355692608600265 
2638858121368775746076390705919856434619087309845336095738583087911434897664 
1425388586571334400705045053472005121592924937085061467374529993026664781019 
6990396184535091651691025640840984840267632160148946044326076559596588841986 
2762987135806322613087108989955831294396086677289419069939647613531290279589 
7556494391219370521375972275196100849217934162616205934425376640829397663303 
7296045110743700888417092686036990498977106225068113063850077069981354973999 
3938320893671684124992794181047654307747527279438104117592389507569908330239 
8411448304323826323967018537815223950539037849170533324134161760080512782667 
947823700853285304884852015335622693201867139440662326844635339773612874429  
1929349345042841311320027390586555175144247890559153849389887274007074703196 
645259427990937015837701735495276639183665707129717673991204027989961733554  
7614549688539160633787116008196758134121994739367010693762160947283341662933 
275790407551127244216065067313672809679888883357283473455371835998414165772  
3824007148984172263174511820761032918564708007320285146961543523320519553342 
786697749131369003399527018510830774842539607174619959894866226368229686250  
7501400753335154920934769109402648124732416048874461190037756521516895204825 
5060174545322611328765778165871518794798245044884437088887750872640507323374 
5615641869914670062926941852340558575850375944537331844371341510293467496728 
3310893640409920523680171712431947378555978354732738799374649076216078742467 
727455025646977437839667797607305657631372435456793105840851310094974726451  
4814562421064450285114303159457108321454400102888351058047008753284325917769 
6687372586025930114534342049889875313452573765228995193189845041785118170045 
3894836834844996353078816785970654954111025896242607462696513589509487051055 
8329378986979217053770760640175919561283125504608885763641275923346305375955 
1593444571067898834525163995726913029757487733420564537804875093340435395339 
2794699468428571691901484071777945280286865601639889128214820408644155449137 
6269072396225664448714556086722916219459535284861453812904969484334167991073 
7762129189148485915061178061746467301966879147430197942245564759634830515372 
2617457143072000028138885748763187997051471878757208776634233391198369953455 
7835146966883760905650180190011433060918467005090682169281341260203275907858 
297429680364019788173200649275486617036988263376548457353534223371218761356  
749069190582027214432032026752931590189117334459753453325549535584772334419  
5040837802896751068473467610548970389017103399866307691002147968493684894332 
7822924922849302783929220168232720421409375562360696196974445730200348549207 
4937086966451278343005960414365622694418048770809909262217748129944759215603 
3275201881558296094833982335038816192851703657458943622249186652815294824700 
7718059009818637938883789938137475723598962524859726782211578043270998307430 
8162050071103406491925266711219807508905295688577052910590906842508663122286 
2628820786779676613386831142271231212089170497240599961198131796672940997311 
403521289249411209987121471972238304957678480725001739636929143455535590937  
5079599752978523291213626033472022920992003456941468199167619511944519557923 
6755334805108643614798048316733681527883258728501340915490762272437365349947 
7477791007156382056123060249296005417984360024103662256404928751866401115138 
4696025771485618070473451153435448924804449093617964132620431137066760230807 
3122851041779701565481244704643719126993059646733806122874523820734415102153 
4412798481797256961508697016581311739047268026539054435562904854169825134479 
280440899965987752278828840892540181205024629415439812794863331690911182571  
7541594551110120801732480299240195921225273071335246698488516203307741214955 
3373884001056582295672085398780512939308149376706123764240348472969095460916 
8306470783944678802825558202084342295414765181488529139531091694925517531005 
6034726250685379769766017879386452965889329368068841968473040893906341875931 
4401585749426721578900584016523601158899823969981944329111549455464714412544 
1072529746001824446113626355862115627617863586905284811226722320855446523991 
4790947892412039257676989337681965474766704445941214783140143177146601412767 
2250911283829369159278665868944115989997375160017594145259819434688593089088 
126517907381925671177219418354586366902721864175346784227521763809150875377  
7897204565198234794270346117262446065320785117677353932973467898302733112408 
3943169464404430200471116874140218527566430612978072955666554736860416384937 
5162676348576516495359517125374105061442258659937769755550968180846785712130 
6384056320431305072525348147652814211199027342073534938997606701571483447511 
5854622709736941152671421491920500556911039353233598906497747383521298056064 
7242582431523378110988002341020539118650758382813046559479014823693989039801 
8182239379844919557994337281144206386168032963076277062493384554791147814818 
6489888587170115156265745132922095513686089630775547385416147782493081861936 
853625619464646965045315104612915663277802209159784757019518675853461242351  
5301422539220865253383133250895489768240969110189516019671781908182562565748 
4606179371532552278552311237403962956223511431409384152988948473937950663122 
661830864841923895526761916609019448062425471477797871939691708536956320018  
5508035948387458873039297069937122577323586485093556440933475814343854408663 
1434503083959448237761042106277304962985753649950077503540653659940095327213 
7657225729207123722547186006431596435847455170679606008831789557256437123894 
7216317090572579876912944988484155565602703869697015897137176572072002540878 
881941891211874364329540434964732710127385696406863443970263072392812199239  
6817241521354139194318936399891701764102461992575530180866140021632826787814 